MultiReader - Tags Read History Results
Test Description: 
Test Date: 10/12/21  Time: 4:46:27 PM

EPCValue,TimeStamp,RunNum,RSSI,Reader,Frequency,Power,Antenna
0xa300,1634085918.111,0,-59,0,914.250,32.50,0
0xa300,1634085918.168,0,-58,0,914.250,32.50,0
0xa300,1634085918.221,0,-58,0,914.250,32.50,0
0xa300,1634085918.274,0,-59,0,914.250,32.50,0
0xa300,1634085918.326,0,-60,0,911.750,32.50,0
0xa300,1634085918.380,0,-60,0,911.750,32.50,0
0xa300,1634085918.433,0,-60,0,911.750,32.50,0
0xa300,1634085918.486,0,-61,0,911.750,32.50,0
0xa300,1634085918.540,0,-61,0,904.750,32.50,0
0xa300,1634085918.593,0,-61,0,904.750,32.50,0
0xa300,1634085918.647,0,-60,0,904.750,32.50,0
0xa300,1634085918.699,0,-60,0,904.750,32.50,0
0xa300,1634085918.752,0,-60,0,914.750,32.50,0
0xa300,1634085918.806,0,-60,0,914.750,32.50,0
0xa300,1634085918.859,0,-60,0,914.750,32.50,0
0xa300,1634085918.911,0,-60,0,914.750,32.50,0
0xa300,1634085918.964,0,-60,0,908.250,32.50,0
0xa300,1634085919.017,0,-59,0,908.250,32.50,0
0xa300,1634085919.070,0,-59,0,908.250,32.50,0
0xa300,1634085919.123,0,-59,0,908.250,32.50,0
0xa300,1634085919.176,0,-59,0,909.750,32.50,0
0xa300,1634085919.230,0,-59,0,909.750,32.50,0
0xa300,1634085919.283,0,-59,0,909.750,32.50,0
0xa300,1634085919.336,0,-59,0,909.750,32.50,0
0xa300,1634085919.389,0,-59,0,915.750,32.50,0
0xa300,1634085919.443,0,-59,0,915.750,32.50,0
0xa300,1634085919.496,0,-59,0,915.750,32.50,0
0xa300,1634085919.550,0,-59,0,915.750,32.50,0
0xa300,1634085919.602,0,-60,0,912.750,32.50,0
0xa300,1634085919.656,0,-60,0,912.750,32.50,0
0xa300,1634085919.709,0,-60,0,912.750,32.50,0
0xa300,1634085919.762,0,-60,0,912.750,32.50,0
0xa300,1634085919.815,0,-59,0,909.250,32.50,0
0xa300,1634085919.868,0,-59,0,909.250,32.50,0
0xa300,1634085919.921,0,-59,0,909.250,32.50,0
0xa300,1634085919.975,0,-59,0,909.250,32.50,0
0xa300,1634085920.028,0,-60,0,903.250,32.50,0
0xa300,1634085920.080,0,-60,0,903.250,32.50,0
0xa300,1634085920.135,0,-60,0,903.250,32.50,0
0xa300,1634085920.188,0,-60,0,903.250,32.50,0
0xa300,1634085920.243,0,-59,0,917.250,32.50,0
0xa300,1634085920.295,0,-59,0,917.250,32.50,0
0xa300,1634085920.348,0,-59,0,917.250,32.50,0
0xa300,1634085920.401,0,-59,0,917.250,32.50,0
0xa300,1634085920.455,0,-59,0,920.250,32.50,0
0xa300,1634085920.508,0,-59,0,920.250,32.50,0
0xa300,1634085920.561,0,-59,0,920.250,32.50,0
0xa300,1634085920.613,0,-59,0,920.250,32.50,0
0xa300,1634085920.666,0,-59,0,921.750,32.50,0
0xa300,1634085920.718,0,-59,0,921.750,32.50,0
0xa300,1634085920.772,0,-59,0,921.750,32.50,0
0xa300,1634085920.825,0,-59,0,921.750,32.50,0
0xa300,1634085920.880,0,-60,0,905.750,32.50,0
0xa300,1634085920.934,0,-60,0,905.750,32.50,0
0xa300,1634085920.987,0,-60,0,905.750,32.50,0
0xa300,1634085921.039,0,-60,0,905.750,32.50,0
0xa300,1634085921.093,0,-58,0,927.250,32.50,0
0xa300,1634085921.148,0,-58,0,927.250,32.50,0
0xa300,1634085921.202,0,-58,0,927.250,32.50,0
0xa300,1634085921.257,0,-58,0,927.250,32.50,0
0xa300,1634085921.310,0,-58,0,924.750,32.50,0
0xa300,1634085921.364,0,-58,0,924.750,32.50,0
0xa300,1634085921.416,0,-58,0,924.750,32.50,0
0xa300,1634085921.471,0,-58,0,924.750,32.50,0
0xa300,1634085921.527,0,-60,0,906.250,32.50,0
0xa300,1634085921.580,0,-60,0,906.250,32.50,0
0xa300,1634085921.636,0,-60,0,906.250,32.50,0
0xa300,1634085921.689,0,-59,0,906.250,32.50,0
0xa300,1634085921.745,0,-59,0,910.250,32.50,0
0xa300,1634085921.798,0,-59,0,910.250,32.50,0
0xa300,1634085921.850,0,-60,0,910.250,32.50,0
0xa300,1634085921.906,0,-60,0,910.250,32.50,0
0xa300,1634085921.959,0,-60,0,915.250,32.50,0
0xa300,1634085922.013,0,-60,0,915.250,32.50,0
0xa300,1634085922.068,0,-60,0,915.250,32.50,0
0xa300,1634085922.123,0,-60,0,915.250,32.50,0
0xa300,1634085922.179,0,-60,0,904.250,32.50,0
0xa300,1634085922.233,0,-60,0,904.250,32.50,0
0xa300,1634085922.286,0,-60,0,904.250,32.50,0
0xa300,1634085922.339,0,-60,0,904.250,32.50,0
0xa300,1634085922.391,0,-59,0,918.750,32.50,0
0xa300,1634085922.444,0,-59,0,918.750,32.50,0
0xa300,1634085922.497,0,-59,0,918.750,32.50,0
0xa300,1634085922.550,0,-59,0,918.750,32.50,0
0xa300,1634085922.603,0,-60,0,913.250,32.50,0
0xa300,1634085922.655,0,-59,0,913.250,32.50,0
0xa300,1634085922.711,0,-59,0,913.250,32.50,0
0xa300,1634085922.765,0,-59,0,913.250,32.50,0
0xa300,1634085922.822,0,-60,0,905.250,32.50,0
0xa300,1634085922.875,0,-59,0,905.250,32.50,0
0xa300,1634085922.929,0,-59,0,905.250,32.50,0
0xa300,1634085922.982,0,-60,0,905.250,32.50,0
0xa300,1634085923.036,0,-58,0,922.250,32.50,0
0xa300,1634085923.090,0,-58,0,922.250,32.50,0
0xa300,1634085923.142,0,-58,0,922.250,32.50,0
0xa300,1634085923.196,0,-59,0,922.250,32.50,0
0xa300,1634085923.249,0,-59,0,919.750,32.50,0
0xa300,1634085923.301,0,-59,0,919.750,32.50,0
0xa300,1634085923.354,0,-59,0,919.750,32.50,0
0xa300,1634085923.407,0,-58,0,919.750,32.50,0
0xa300,1634085923.461,0,-59,0,907.750,32.50,0
0xa300,1634085923.513,0,-59,0,907.750,32.50,0
0xa300,1634085923.566,0,-59,0,907.750,32.50,0
0xa300,1634085923.620,0,-59,0,907.750,32.50,0
0xa300,1634085923.673,0,-59,0,912.250,32.50,0
0xa300,1634085923.727,0,-59,0,912.250,32.50,0
0xa300,1634085923.779,0,-59,0,912.250,32.50,0
0xa300,1634085923.832,0,-59,0,912.250,32.50,0
0xa300,1634085923.885,0,-58,0,926.250,32.50,0
0xa300,1634085923.941,0,-58,0,926.250,32.50,0
0xa300,1634085923.994,0,-58,0,926.250,32.50,0
0xa300,1634085924.048,0,-58,0,926.250,32.50,0
0xa300,1634085924.101,0,-58,0,921.250,32.50,0
0xa300,1634085924.153,0,-58,0,921.250,32.50,0
0xa300,1634085924.207,0,-58,0,921.250,32.50,0
0xa300,1634085924.260,0,-58,0,921.250,32.50,0
0xa300,1634085924.312,0,-59,0,907.250,32.50,0
0xa300,1634085924.366,0,-59,0,907.250,32.50,0
0xa300,1634085924.418,0,-59,0,907.250,32.50,0
0xa300,1634085924.471,0,-59,0,907.250,32.50,0
0xa300,1634085924.525,0,-58,0,917.750,32.50,0
0xa300,1634085924.578,0,-58,0,917.750,32.50,0
0xa300,1634085924.634,0,-58,0,917.750,32.50,0
0xa300,1634085924.687,0,-58,0,917.750,32.50,0
0xa300,1634085924.741,0,-59,0,916.750,32.50,0
0xa300,1634085924.794,0,-59,0,916.750,32.50,0
0xa300,1634085924.848,0,-59,0,916.750,32.50,0
0xa300,1634085924.901,0,-59,0,916.750,32.50,0
0xa300,1634085924.954,0,-58,0,922.750,32.50,0
0xa300,1634085925.007,0,-58,0,922.750,32.50,0
0xa300,1634085925.061,0,-58,0,922.750,32.50,0
0xa300,1634085925.114,0,-58,0,922.750,32.50,0
0xa300,1634085925.169,0,-59,0,903.750,32.50,0
0xa300,1634085925.225,0,-59,0,903.750,32.50,0
0xa300,1634085925.282,0,-59,0,903.750,32.50,0
0xa300,1634085925.339,0,-59,0,903.750,32.50,0
0xa300,1634085925.398,0,-59,0,916.250,32.50,0
0xa300,1634085925.451,0,-59,0,916.250,32.50,0
0xa300,1634085925.504,0,-59,0,916.250,32.50,0
0xa300,1634085925.567,0,-58,0,919.250,32.50,0
0xa300,1634085925.620,0,-58,0,919.250,32.50,0
0xa300,1634085925.672,0,-58,0,919.250,32.50,0
0xa300,1634085925.726,0,-58,0,919.250,32.50,0
0xa300,1634085925.780,0,-58,0,923.250,32.50,0
0xa300,1634085925.832,0,-58,0,923.250,32.50,0
0xa300,1634085925.885,0,-58,0,923.250,32.50,0
0xa300,1634085925.938,0,-58,0,923.250,32.50,0
0xa300,1634085925.990,0,-59,0,913.750,32.50,0
0xa300,1634085926.043,0,-59,0,913.750,32.50,0
0xa300,1634085926.097,0,-59,0,913.750,32.50,0
0xa300,1634085926.149,0,-59,0,913.750,32.50,0
0xa300,1634085926.203,0,-58,0,924.250,32.50,0
0xa300,1634085926.256,0,-58,0,924.250,32.50,0
0xa300,1634085926.309,0,-58,0,924.250,32.50,0
0xa300,1634085926.362,0,-58,0,924.250,32.50,0
0xa300,1634085926.417,0,-58,0,925.250,32.50,0
0xa300,1634085926.470,0,-58,0,925.250,32.50,0
0xa300,1634085926.523,0,-58,0,925.250,32.50,0
0xa300,1634085926.576,0,-58,0,925.250,32.50,0
0xa300,1634085926.633,0,-59,0,902.750,32.50,0
0xa300,1634085926.691,0,-59,0,902.750,32.50,0
0xa300,1634085926.748,0,-59,0,902.750,32.50,0
0xa300,1634085926.803,0,-59,0,902.750,32.50,0
0xa300,1634085926.823,0,-59,0,910.750,32.50,0
0xa300,1634085926.876,0,-59,0,910.750,32.50,0
0xa300,1634085926.930,0,-59,0,910.750,32.50,0
0xa300,1634085926.984,0,-59,0,910.750,32.50,0
0xa300,1634085927.037,0,-58,0,918.250,32.50,0
0xa300,1634085927.090,0,-58,0,918.250,32.50,0
0xa300,1634085927.143,0,-58,0,918.250,32.50,0
0xa300,1634085927.196,0,-58,0,918.250,32.50,0
0xa300,1634085927.249,0,-59,0,908.750,32.50,0
0xa300,1634085927.303,0,-59,0,908.750,32.50,0
0xa300,1634085927.356,0,-59,0,908.750,32.50,0
0xa300,1634085927.410,0,-59,0,908.750,32.50,0
0xa300,1634085927.465,0,-58,0,923.750,32.50,0
0xa300,1634085927.518,0,-58,0,923.750,32.50,0
0xa300,1634085927.571,0,-58,0,923.750,32.50,0
0xa300,1634085927.624,0,-58,0,923.750,32.50,0
0xa300,1634085927.680,0,-59,0,911.250,32.50,0
0xa300,1634085927.734,0,-59,0,911.250,32.50,0
0xa300,1634085927.786,0,-59,0,911.250,32.50,0
0xa300,1634085927.842,0,-59,0,911.250,32.50,0
0xa300,1634085927.894,0,-58,0,925.750,32.50,0
0xa300,1634085927.947,0,-58,0,925.750,32.50,0
0xa300,1634085927.999,0,-58,0,925.750,32.50,0
0xa300,1634085928.052,0,-58,0,925.750,32.50,0
0xa300,1634085928.108,0,-59,0,906.750,32.50,0
0xa300,1634085928.161,0,-59,0,906.750,32.50,0
0xa300,1634085928.214,0,-59,0,906.750,32.50,0
0xa300,1634085928.267,0,-59,0,906.750,32.50,0
0xa300,1634085928.321,0,-58,0,926.750,32.50,0
0xa300,1634085928.375,0,-58,0,926.750,32.50,0
0xa300,1634085928.428,0,-58,0,926.750,32.50,0
0xa300,1634085928.481,0,-58,0,926.750,32.50,0
0xa300,1634085928.534,0,-58,0,920.750,32.50,0
0xa300,1634085928.589,0,-58,0,920.750,32.50,0
0xa300,1634085928.641,0,-58,0,920.750,32.50,0
0xa300,1634085928.694,0,-58,0,920.750,32.50,0
0xa300,1634085928.747,0,-59,0,914.250,32.50,0
0xa300,1634085928.800,0,-59,0,914.250,32.50,0
0xa300,1634085928.853,0,-59,0,914.250,32.50,0
0xa300,1634085928.907,0,-59,0,914.250,32.50,0
0xa300,1634085928.959,0,-59,0,911.750,32.50,0
0xa300,1634085929.012,0,-59,0,911.750,32.50,0
0xa300,1634085929.066,0,-59,0,911.750,32.50,0
0xa300,1634085929.118,0,-59,0,911.750,32.50,0
0xa300,1634085929.177,0,-59,0,904.750,32.50,0
0xa300,1634085929.234,0,-59,0,904.750,32.50,0
0xa300,1634085929.290,0,-59,0,904.750,32.50,0
0xa300,1634085929.340,0,-59,0,904.750,32.50,0
0xa300,1634085929.357,0,-59,0,914.750,32.50,0
0xa300,1634085929.410,0,-59,0,914.750,32.50,0
0xa300,1634085929.465,0,-59,0,914.750,32.50,0
0xa300,1634085929.520,0,-59,0,914.750,32.50,0
0xa300,1634085929.574,0,-59,0,908.250,32.50,0
0xa300,1634085929.626,0,-59,0,908.250,32.50,0
0xa300,1634085929.680,0,-59,0,908.250,32.50,0
0xa300,1634085929.733,0,-59,0,908.250,32.50,0
0xa300,1634085929.786,0,-59,0,909.750,32.50,0
0xa300,1634085929.839,0,-59,0,909.750,32.50,0
0xa300,1634085929.892,0,-59,0,909.750,32.50,0
0xa300,1634085929.945,0,-59,0,909.750,32.50,0
0xa300,1634085930.000,0,-59,0,915.750,32.50,0
0xa300,1634085930.053,0,-59,0,915.750,32.50,0
0xa300,1634085930.106,0,-59,0,915.750,32.50,0
0xa300,1634085930.159,0,-59,0,915.750,32.50,0
0xa300,1634085930.212,0,-59,0,912.750,32.50,0
0xa300,1634085930.268,0,-59,0,912.750,32.50,0
0xa300,1634085930.321,0,-59,0,912.750,32.50,0
0xa300,1634085930.374,0,-59,0,912.750,32.50,0
0xa300,1634085930.428,0,-59,0,909.250,32.50,0
0xa300,1634085930.481,0,-59,0,909.250,32.50,0
0xa300,1634085930.535,0,-59,0,909.250,32.50,0
0xa300,1634085930.589,0,-59,0,909.250,32.50,0
0xa300,1634085930.645,0,-59,0,903.250,32.50,0
0xa300,1634085930.701,0,-59,0,903.250,32.50,0
0xa300,1634085930.756,0,-59,0,903.250,32.50,0
0xa300,1634085930.810,0,-59,0,903.250,32.50,0
0xa300,1634085930.863,0,-58,0,917.250,32.50,0
0xa300,1634085930.916,0,-58,0,917.250,32.50,0
0xa300,1634085930.969,0,-59,0,917.250,32.50,0
0xa300,1634085931.023,0,-58,0,917.250,32.50,0
0xa300,1634085931.076,0,-58,0,920.250,32.50,0
0xa300,1634085931.129,0,-58,0,920.250,32.50,0
0xa300,1634085931.184,0,-58,0,920.250,32.50,0
0xa300,1634085931.238,0,-58,0,920.250,32.50,0
0xa300,1634085931.290,0,-58,0,921.750,32.50,0
0xa300,1634085931.346,0,-58,0,921.750,32.50,0
0xa300,1634085931.399,0,-58,0,921.750,32.50,0
0xa300,1634085931.451,0,-58,0,921.750,32.50,0
0xa300,1634085931.504,0,-59,0,905.750,32.50,0
0xa300,1634085931.557,0,-59,0,905.750,32.50,0
0xa300,1634085931.609,0,-59,0,905.750,32.50,0
0xa300,1634085931.663,0,-59,0,905.750,32.50,0
0xa300,1634085931.716,0,-58,0,927.250,32.50,0
0xa300,1634085931.768,0,-58,0,927.250,32.50,0
0xa300,1634085931.821,0,-58,0,927.250,32.50,0
0xa300,1634085931.874,0,-58,0,927.250,32.50,0
0xa300,1634085931.926,0,-58,0,924.750,32.50,0
0xa300,1634085931.980,0,-58,0,924.750,32.50,0
0xa300,1634085932.033,0,-58,0,924.750,32.50,0
0xa300,1634085932.086,0,-58,0,924.750,32.50,0
0xa300,1634085932.139,0,-59,0,906.250,32.50,0
0xa300,1634085932.194,0,-59,0,906.250,32.50,0
0xa300,1634085932.247,0,-59,0,906.250,32.50,0
0xa300,1634085932.300,0,-59,0,906.250,32.50,0
0xa300,1634085932.352,0,-59,0,910.250,32.50,0
0xa300,1634085932.405,0,-59,0,910.250,32.50,0
0xa300,1634085932.459,0,-59,0,910.250,32.50,0
0xa300,1634085932.513,0,-59,0,910.250,32.50,0
0xa300,1634085932.566,0,-59,0,915.250,32.50,0
0xa300,1634085932.620,0,-59,0,915.250,32.50,0
0xa300,1634085932.674,0,-59,0,915.250,32.50,0
0xa300,1634085932.726,0,-59,0,915.250,32.50,0
0xa300,1634085932.783,0,-59,0,904.250,32.50,0
0xa300,1634085932.839,0,-60,0,904.250,32.50,0
0xa300,1634085932.895,0,-59,0,904.250,32.50,0
0xa300,1634085932.952,0,-60,0,904.250,32.50,0
0xa300,1634085933.004,0,-58,0,918.750,32.50,0
0xa300,1634085933.059,0,-58,0,918.750,32.50,0
0xa300,1634085933.114,0,-58,0,918.750,32.50,0
0xa300,1634085933.167,0,-58,0,918.750,32.50,0
0xa300,1634085933.219,0,-59,0,913.250,32.50,0
0xa300,1634085933.272,0,-59,0,913.250,32.50,0
0xa300,1634085933.325,0,-59,0,913.250,32.50,0
0xa300,1634085933.379,0,-59,0,913.250,32.50,0
0xa300,1634085933.432,0,-60,0,905.250,32.50,0
0xa300,1634085933.485,0,-60,0,905.250,32.50,0
0xa300,1634085933.538,0,-59,0,905.250,32.50,0
0xa300,1634085933.591,0,-60,0,905.250,32.50,0
0xa300,1634085933.644,0,-58,0,922.250,32.50,0
0xa300,1634085933.697,0,-58,0,922.250,32.50,0
0xa300,1634085933.749,0,-58,0,922.250,32.50,0
0xa300,1634085933.802,0,-58,0,922.250,32.50,0
0xa300,1634085933.855,0,-59,0,919.750,32.50,0
0xa300,1634085933.908,0,-59,0,919.750,32.50,0
0xa300,1634085933.962,0,-60,0,919.750,32.50,0
0xa300,1634085934.014,0,-59,0,919.750,32.50,0
0xa300,1634085934.068,0,-62,0,907.750,32.50,0
0xa300,1634085934.121,0,-62,0,907.750,32.50,0
0xa300,1634085934.174,0,-62,0,907.750,32.50,0
0xa300,1634085934.227,0,-62,0,907.750,32.50,0
0xa300,1634085934.281,0,-62,0,912.250,32.50,0
0xa300,1634085934.335,0,-61,0,912.250,32.50,0
0xa300,1634085934.388,0,-61,0,912.250,32.50,0
0xa300,1634085934.441,0,-60,0,912.250,32.50,0
0xa300,1634085934.497,0,-58,0,926.250,32.50,0
0xa300,1634085934.549,0,-58,0,926.250,32.50,0
0xa300,1634085934.603,0,-59,0,926.250,32.50,0
0xa300,1634085934.656,0,-59,0,926.250,32.50,0
0xa300,1634085934.710,0,-60,0,921.250,32.50,0
0xa300,1634085934.762,0,-60,0,921.250,32.50,0
0xa300,1634085934.815,0,-59,0,921.250,32.50,0
0xa300,1634085934.868,0,-59,0,921.250,32.50,0
0xa300,1634085934.921,0,-61,0,907.250,32.50,0
0xa300,1634085934.974,0,-62,0,907.250,32.50,0
0xa300,1634085935.026,0,-62,0,907.250,32.50,0
0xa300,1634085935.083,0,-62,0,907.250,32.50,0
0xa300,1634085935.136,0,-59,0,917.750,32.50,0
0xa300,1634085935.188,0,-59,0,917.750,32.50,0
0xa300,1634085935.241,0,-59,0,917.750,32.50,0
0xa300,1634085935.294,0,-59,0,917.750,32.50,0
0xa300,1634085935.346,0,-60,0,916.750,32.50,0
0xa300,1634085935.400,0,-60,0,916.750,32.50,0
0xa300,1634085935.455,0,-59,0,916.750,32.50,0
0xa300,1634085935.508,0,-59,0,916.750,32.50,0
0xa300,1634085935.562,0,-59,0,922.750,32.50,0
0xa300,1634085935.616,0,-59,0,922.750,32.50,0
0xa300,1634085935.672,0,-59,0,922.750,32.50,0
0xa300,1634085935.725,0,-59,0,922.750,32.50,0
0xa300,1634085935.782,0,-62,0,903.750,32.50,0
0xa300,1634085935.839,0,-62,0,903.750,32.50,0
0xa300,1634085935.898,0,-62,0,903.750,32.50,0
0xa300,1634085935.951,0,-62,0,903.750,32.50,0
0xa300,1634085935.969,0,-59,0,916.250,32.50,0
0xa300,1634085936.021,0,-59,0,916.250,32.50,0
0xa300,1634085936.074,0,-59,0,916.250,32.50,0
0xa300,1634085936.127,0,-59,0,916.250,32.50,0
0xa300,1634085936.186,0,-59,0,919.250,32.50,0
0xa300,1634085936.241,0,-59,0,919.250,32.50,0
0xa300,1634085936.294,0,-59,0,919.250,32.50,0
0xa300,1634085936.346,0,-59,0,919.250,32.50,0
0xa300,1634085936.399,0,-59,0,923.250,32.50,0
0xa300,1634085936.452,0,-59,0,923.250,32.50,0
0xa300,1634085936.505,0,-59,0,923.250,32.50,0
0xa300,1634085936.559,0,-59,0,923.250,32.50,0
0xa300,1634085936.612,0,-60,0,913.750,32.50,0
0xa300,1634085936.666,0,-60,0,913.750,32.50,0
0xa300,1634085936.718,0,-60,0,913.750,32.50,0
0xa300,1634085936.772,0,-60,0,913.750,32.50,0
0xa300,1634085936.825,0,-59,0,924.250,32.50,0
0xa300,1634085936.880,0,-59,0,924.250,32.50,0
0xa300,1634085936.933,0,-59,0,924.250,32.50,0
0xa300,1634085936.986,0,-59,0,924.250,32.50,0
0xa300,1634085937.039,0,-59,0,925.250,32.50,0
0xa300,1634085937.091,0,-59,0,925.250,32.50,0
0xa300,1634085937.145,0,-59,0,925.250,32.50,0
0xa300,1634085937.198,0,-59,0,925.250,32.50,0
0xa300,1634085937.260,0,-63,0,902.750,32.50,0
0xa300,1634085937.314,0,-63,0,902.750,32.50,0
0xa300,1634085937.369,0,-63,0,902.750,32.50,0
0xa300,1634085937.425,0,-63,0,902.750,32.50,0
0xa300,1634085937.440,0,-60,0,910.750,32.50,0
0xa300,1634085937.492,0,-60,0,910.750,32.50,0
0xa300,1634085937.548,0,-60,0,910.750,32.50,0
0xa300,1634085937.602,0,-60,0,910.750,32.50,0
0xa300,1634085937.662,0,-59,0,918.250,32.50,0
0xa300,1634085937.717,0,-59,0,918.250,32.50,0
0xa300,1634085937.770,0,-59,0,918.250,32.50,0
0xa300,1634085937.823,0,-59,0,918.250,32.50,0
0xa300,1634085937.876,0,-60,0,908.750,32.50,0
0xa300,1634085937.929,0,-60,0,908.750,32.50,0
0xa300,1634085937.983,0,-60,0,908.750,32.50,0
0xa300,1634085938.035,0,-60,0,908.750,32.50,0
0xa300,1634085938.089,0,-59,0,923.750,32.50,0
0xa300,1634085938.142,0,-59,0,923.750,32.50,0
0xa300,1634085938.194,0,-59,0,923.750,32.50,0
0xa300,1634085938.248,0,-59,0,923.750,32.50,0
0xa300,1634085938.302,0,-60,0,911.250,32.50,0
0xa300,1634085938.355,0,-60,0,911.250,32.50,0
0xa300,1634085938.408,0,-60,0,911.250,32.50,0
0xa300,1634085938.463,0,-60,0,911.250,32.50,0
0xa300,1634085938.516,0,-59,0,925.750,32.50,0
0xa300,1634085938.569,0,-59,0,925.750,32.50,0
0xa300,1634085938.621,0,-59,0,925.750,32.50,0
0xa300,1634085938.674,0,-59,0,925.750,32.50,0
0xa300,1634085938.727,0,-61,0,906.750,32.50,0
0xa300,1634085938.781,0,-61,0,906.750,32.50,0
0xa300,1634085938.833,0,-61,0,906.750,32.50,0
0xa300,1634085938.887,0,-61,0,906.750,32.50,0
0xa300,1634085938.940,0,-59,0,926.750,32.50,0
0xa300,1634085938.993,0,-59,0,926.750,32.50,0
0xa300,1634085939.045,0,-59,0,926.750,32.50,0
0xa300,1634085939.099,0,-59,0,926.750,32.50,0
0xa300,1634085939.152,0,-59,0,920.750,32.50,0
0xa300,1634085939.208,0,-59,0,920.750,32.50,0
0xa300,1634085939.261,0,-59,0,920.750,32.50,0
0xa300,1634085939.314,0,-59,0,920.750,32.50,0
0xa300,1634085939.368,0,-60,0,914.250,32.50,0
0xa300,1634085939.421,0,-60,0,914.250,32.50,0
0xa300,1634085939.474,0,-60,0,914.250,32.50,0
0xa300,1634085939.527,0,-60,0,914.250,32.50,0
0xa300,1634085939.582,0,-60,0,911.750,32.50,0
0xa300,1634085939.635,0,-60,0,911.750,32.50,0
0xa300,1634085939.688,0,-60,0,911.750,32.50,0
0xa300,1634085939.741,0,-60,0,911.750,32.50,0
0xa300,1634085939.794,0,-62,0,904.750,32.50,0
0xa300,1634085939.848,0,-62,0,904.750,32.50,0
0xa300,1634085939.902,0,-62,0,904.750,32.50,0
0xa300,1634085939.956,0,-62,0,904.750,32.50,0
0xa300,1634085940.009,0,-60,0,914.750,32.50,0
0xa300,1634085940.062,0,-60,0,914.750,32.50,0
0xa300,1634085940.117,0,-60,0,914.750,32.50,0
0xa300,1634085940.170,0,-60,0,914.750,32.50,0
0xa300,1634085940.224,0,-61,0,908.250,32.50,0
0xa300,1634085940.280,0,-60,0,908.250,32.50,0
0xa300,1634085940.333,0,-61,0,908.250,32.50,0
0xa300,1634085940.386,0,-60,0,908.250,32.50,0
0xa300,1634085940.439,0,-60,0,909.750,32.50,0
0xa300,1634085940.492,0,-60,0,909.750,32.50,0
0xa300,1634085940.548,0,-60,0,909.750,32.50,0
0xa300,1634085940.602,0,-60,0,909.750,32.50,0
0xa300,1634085940.656,0,-60,0,915.750,32.50,0
0xa300,1634085940.710,0,-60,0,915.750,32.50,0
0xa300,1634085940.763,0,-59,0,915.750,32.50,0
0xa300,1634085940.818,0,-60,0,915.750,32.50,0
0xa300,1634085940.871,0,-60,0,912.750,32.50,0
0xa300,1634085940.924,0,-60,0,912.750,32.50,0
0xa300,1634085940.976,0,-60,0,912.750,32.50,0
0xa300,1634085941.032,0,-60,0,912.750,32.50,0
0xa300,1634085941.085,0,-60,0,909.250,32.50,0
0xa300,1634085941.139,0,-60,0,909.250,32.50,0
0xa300,1634085941.193,0,-60,0,909.250,32.50,0
0xa300,1634085941.245,0,-60,0,909.250,32.50,0
0xa300,1634085941.304,0,-63,0,903.250,32.50,0
0xa300,1634085941.360,0,-63,0,903.250,32.50,0
0xa300,1634085941.418,0,-63,0,903.250,32.50,0
0xa300,1634085941.472,0,-63,0,903.250,32.50,0
0xa300,1634085941.487,0,-59,0,917.250,32.50,0
0xa300,1634085941.542,0,-59,0,917.250,32.50,0
0xa300,1634085941.595,0,-59,0,917.250,32.50,0
0xa300,1634085941.648,0,-59,0,917.250,32.50,0
0xa300,1634085941.701,0,-60,0,920.250,32.50,0
0xa300,1634085941.754,0,-59,0,920.250,32.50,0
0xa300,1634085941.807,0,-59,0,920.250,32.50,0
0xa300,1634085941.861,0,-60,0,920.250,32.50,0
0xa300,1634085941.914,0,-59,0,921.750,32.50,0
0xa300,1634085941.967,0,-60,0,921.750,32.50,0
0xa300,1634085942.023,0,-60,0,921.750,32.50,0
0xa300,1634085942.077,0,-59,0,921.750,32.50,0
0xa300,1634085942.130,0,-62,0,905.750,32.50,0
0xa300,1634085942.184,0,-62,0,905.750,32.50,0
0xa300,1634085942.237,0,-62,0,905.750,32.50,0
0xa300,1634085942.290,0,-62,0,905.750,32.50,0
0xa300,1634085942.343,0,-59,0,927.250,32.50,0
0xa300,1634085942.398,0,-59,0,927.250,32.50,0
0xa300,1634085942.451,0,-59,0,927.250,32.50,0
0xa300,1634085942.503,0,-59,0,927.250,32.50,0
0xa300,1634085942.557,0,-59,0,924.750,32.50,0
0xa300,1634085942.610,0,-59,0,924.750,32.50,0
0xa300,1634085942.663,0,-59,0,924.750,32.50,0
0xa300,1634085942.715,0,-59,0,924.750,32.50,0
0xa300,1634085942.769,0,-61,0,906.250,32.50,0
0xa300,1634085942.822,0,-62,0,906.250,32.50,0
0xa300,1634085942.876,0,-62,0,906.250,32.50,0
0xa300,1634085942.929,0,-61,0,906.250,32.50,0
0xa300,1634085942.983,0,-60,0,910.250,32.50,0
0xa300,1634085943.037,0,-60,0,910.250,32.50,0
0xa300,1634085943.091,0,-60,0,910.250,32.50,0
0xa300,1634085943.145,0,-60,0,910.250,32.50,0
0xa300,1634085943.198,0,-60,0,915.250,32.50,0
0xa300,1634085943.254,0,-60,0,915.250,32.50,0
0xa300,1634085943.306,0,-60,0,915.250,32.50,0
0xa300,1634085943.360,0,-60,0,915.250,32.50,0
0xa300,1634085943.413,0,-62,0,904.250,32.50,0
0xa300,1634085943.466,0,-62,0,904.250,32.50,0
0xa300,1634085943.522,0,-62,0,904.250,32.50,0
0xa300,1634085943.575,0,-62,0,904.250,32.50,0
0xa300,1634085943.629,0,-59,0,918.750,32.50,0
0xa300,1634085943.682,0,-59,0,918.750,32.50,0
0xa300,1634085943.734,0,-60,0,918.750,32.50,0
0xa300,1634085943.787,0,-60,0,918.750,32.50,0
0xa300,1634085943.841,0,-60,0,913.250,32.50,0
0xa300,1634085943.893,0,-60,0,913.250,32.50,0
0xa300,1634085943.946,0,-60,0,913.250,32.50,0
0xa300,1634085943.999,0,-60,0,913.250,32.50,0
0xa300,1634085944.051,0,-62,0,905.250,32.50,0
0xa300,1634085944.105,0,-62,0,905.250,32.50,0
0xa300,1634085944.158,0,-62,0,905.250,32.50,0
0xa300,1634085944.212,0,-62,0,905.250,32.50,0
0xa300,1634085944.265,0,-59,0,922.250,32.50,0
0xa300,1634085944.318,0,-60,0,922.250,32.50,0
0xa300,1634085944.371,0,-60,0,922.250,32.50,0
0xa300,1634085944.427,0,-60,0,922.250,32.50,0
0xa300,1634085944.479,0,-59,0,919.750,32.50,0
0xa300,1634085944.532,0,-59,0,919.750,32.50,0
0xa300,1634085944.585,0,-59,0,919.750,32.50,0
0xa300,1634085944.638,0,-59,0,919.750,32.50,0
0xa300,1634085944.697,0,-60,0,907.750,32.50,0
0xa300,1634085944.753,0,-61,0,907.750,32.50,0
0xa300,1634085944.806,0,-60,0,907.750,32.50,0
0xa300,1634085944.859,0,-61,0,907.750,32.50,0
0xa300,1634085944.874,0,-61,0,912.250,32.50,0
0xa300,1634085944.927,0,-61,0,912.250,32.50,0
0xa300,1634085944.982,0,-61,0,912.250,32.50,0
0xa300,1634085945.035,0,-61,0,912.250,32.50,0
0xa300,1634085945.094,0,-59,0,926.250,32.50,0
0xa300,1634085945.148,0,-59,0,926.250,32.50,0
0xa300,1634085945.202,0,-60,0,926.250,32.50,0
0xa300,1634085945.255,0,-60,0,926.250,32.50,0
0xa300,1634085945.307,0,-60,0,921.250,32.50,0
0xa300,1634085945.362,0,-60,0,921.250,32.50,0
0xa300,1634085945.416,0,-60,0,921.250,32.50,0
0xa300,1634085945.471,0,-60,0,921.250,32.50,0
0xa300,1634085945.524,0,-62,0,907.250,32.50,0
0xa300,1634085945.577,0,-62,0,907.250,32.50,0
0xa300,1634085945.629,0,-62,0,907.250,32.50,0
0xa300,1634085945.682,0,-62,0,907.250,32.50,0
0xa300,1634085945.735,0,-60,0,917.750,32.50,0
0xa300,1634085945.788,0,-60,0,917.750,32.50,0
0xa300,1634085945.844,0,-60,0,917.750,32.50,0
0xa300,1634085945.896,0,-60,0,917.750,32.50,0
0xa300,1634085945.949,0,-60,0,916.750,32.50,0
0xa300,1634085946.002,0,-60,0,916.750,32.50,0
0xa300,1634085946.055,0,-60,0,916.750,32.50,0
0xa300,1634085946.108,0,-60,0,916.750,32.50,0
0xa300,1634085946.162,0,-59,0,922.750,32.50,0
0xa300,1634085946.215,0,-59,0,922.750,32.50,0
0xa300,1634085946.269,0,-60,0,922.750,32.50,0
0xa300,1634085946.321,0,-60,0,922.750,32.50,0
0xa300,1634085946.378,0,-63,0,903.750,32.50,0
0xa300,1634085946.435,0,-63,0,903.750,32.50,0
0xa300,1634085946.492,0,-63,0,903.750,32.50,0
0xa300,1634085946.547,0,-63,0,903.750,32.50,0
0xa300,1634085946.562,0,-60,0,916.250,32.50,0
0xa300,1634085946.616,0,-60,0,916.250,32.50,0
0xa300,1634085946.669,0,-60,0,916.250,32.50,0
0xa300,1634085946.722,0,-60,0,916.250,32.50,0
0xa300,1634085946.781,0,-59,0,919.250,32.50,0
0xa300,1634085946.834,0,-60,0,919.250,32.50,0
0xa300,1634085946.888,0,-60,0,919.250,32.50,0
0xa300,1634085946.941,0,-60,0,919.250,32.50,0
0xa300,1634085946.994,0,-60,0,923.250,32.50,0
0xa300,1634085947.047,0,-60,0,923.250,32.50,0
0xa300,1634085947.099,0,-60,0,923.250,32.50,0
0xa300,1634085947.153,0,-60,0,923.250,32.50,0
0xa300,1634085947.208,0,-60,0,913.750,32.50,0
0xa300,1634085947.261,0,-60,0,913.750,32.50,0
0xa300,1634085947.314,0,-60,0,913.750,32.50,0
0xa300,1634085947.369,0,-61,0,913.750,32.50,0
0xa300,1634085947.422,0,-60,0,924.250,32.50,0
0xa300,1634085947.476,0,-60,0,924.250,32.50,0
0xa300,1634085947.529,0,-60,0,924.250,32.50,0
0xa300,1634085947.582,0,-60,0,924.250,32.50,0
0xa300,1634085947.635,0,-60,0,925.250,32.50,0
0xa300,1634085947.687,0,-59,0,925.250,32.50,0
0xa300,1634085947.740,0,-59,0,925.250,32.50,0
0xa300,1634085947.794,0,-59,0,925.250,32.50,0
0xa300,1634085947.850,0,-64,0,902.750,32.50,0
0xa300,1634085947.908,0,-64,0,902.750,32.50,0
0xa300,1634085947.961,0,-65,0,902.750,32.50,0
0xa300,1634085948.017,0,-65,0,902.750,32.50,0
0xa300,1634085948.069,0,-61,0,910.750,32.50,0
0xa300,1634085948.125,0,-61,0,910.750,32.50,0
0xa300,1634085948.178,0,-61,0,910.750,32.50,0
0xa300,1634085948.232,0,-61,0,910.750,32.50,0
0xa300,1634085948.286,0,-60,0,918.250,32.50,0
0xa300,1634085948.339,0,-60,0,918.250,32.50,0
0xa300,1634085948.392,0,-60,0,918.250,32.50,0
0xa300,1634085948.448,0,-59,0,918.250,32.50,0
0xa300,1634085948.507,0,-60,0,908.750,32.50,0
0xa300,1634085948.563,0,-60,0,908.750,32.50,0
0xa300,1634085948.621,0,-60,0,908.750,32.50,0
0xa300,1634085948.674,0,-60,0,908.750,32.50,0
0xa300,1634085948.695,0,-59,0,923.750,32.50,0
0xa300,1634085948.749,0,-59,0,923.750,32.50,0
0xa300,1634085948.803,0,-59,0,923.750,32.50,0
0xa300,1634085948.855,0,-59,0,923.750,32.50,0
0xa300,1634085948.908,0,-59,0,911.250,32.50,0
0xa300,1634085948.961,0,-59,0,911.250,32.50,0
0xa300,1634085949.014,0,-60,0,911.250,32.50,0
0xa300,1634085949.068,0,-60,0,911.250,32.50,0
0xa300,1634085949.121,0,-59,0,925.750,32.50,0
0xa300,1634085949.174,0,-59,0,925.750,32.50,0
0xa300,1634085949.227,0,-59,0,925.750,32.50,0
0xa300,1634085949.280,0,-59,0,925.750,32.50,0
0xa300,1634085949.334,0,-61,0,906.750,32.50,0
0xa300,1634085949.388,0,-61,0,906.750,32.50,0
0xa300,1634085949.441,0,-61,0,906.750,32.50,0
0xa300,1634085949.496,0,-61,0,906.750,32.50,0
0xa300,1634085949.548,0,-59,0,926.750,32.50,0
0xa300,1634085949.601,0,-59,0,926.750,32.50,0
0xa300,1634085949.654,0,-59,0,926.750,32.50,0
0xa300,1634085949.707,0,-59,0,926.750,32.50,0
0xa300,1634085949.761,0,-59,0,920.750,32.50,0
0xa300,1634085949.816,0,-59,0,920.750,32.50,0
0xa300,1634085949.872,0,-59,0,920.750,32.50,0
0xa300,1634085949.924,0,-59,0,920.750,32.50,0
0xa300,1634085949.977,0,-60,0,914.250,32.50,0
0xa300,1634085950.029,0,-60,0,914.250,32.50,0
0xa300,1634085950.083,0,-60,0,914.250,32.50,0
0xa300,1634085950.137,0,-60,0,914.250,32.50,0
0xa300,1634085950.189,0,-59,0,911.750,32.50,0
0xa300,1634085950.243,0,-60,0,911.750,32.50,0
0xa300,1634085950.296,0,-60,0,911.750,32.50,0
0xa300,1634085950.349,0,-60,0,911.750,32.50,0
0xa300,1634085950.407,0,-62,0,904.750,32.50,0
0xa300,1634085950.464,0,-62,0,904.750,32.50,0
0xa300,1634085950.525,0,-62,0,904.750,32.50,0
0xa300,1634085950.589,0,-59,0,914.750,32.50,0
0xa300,1634085950.641,0,-59,0,914.750,32.50,0
0xa300,1634085950.694,0,-60,0,914.750,32.50,0
0xa300,1634085950.748,0,-59,0,914.750,32.50,0
0xa300,1634085950.802,0,-60,0,908.250,32.50,0
0xa300,1634085950.856,0,-60,0,908.250,32.50,0
0xa300,1634085950.909,0,-60,0,908.250,32.50,0
0xa300,1634085950.963,0,-60,0,908.250,32.50,0
0xa300,1634085951.017,0,-59,0,909.750,32.50,0
0xa300,1634085951.070,0,-59,0,909.750,32.50,0
0xa300,1634085951.123,0,-59,0,909.750,32.50,0
0xa300,1634085951.176,0,-59,0,909.750,32.50,0
0xa300,1634085951.229,0,-59,0,915.750,32.50,0
0xa300,1634085951.282,0,-59,0,915.750,32.50,0
0xa300,1634085951.334,0,-59,0,915.750,32.50,0
0xa300,1634085951.388,0,-59,0,915.750,32.50,0
0xa300,1634085951.442,0,-60,0,912.750,32.50,0
0xa300,1634085951.497,0,-59,0,912.750,32.50,0
0xa300,1634085951.551,0,-59,0,912.750,32.50,0
0xa300,1634085951.607,0,-59,0,912.750,32.50,0
0xa300,1634085951.664,0,-60,0,909.250,32.50,0
0xa300,1634085951.717,0,-61,0,909.250,32.50,0
0xa300,1634085951.771,0,-60,0,909.250,32.50,0
0xa300,1634085951.824,0,-60,0,909.250,32.50,0
0xa300,1634085951.881,0,-63,0,903.250,32.50,0
0xa300,1634085951.939,0,-63,0,903.250,32.50,0
0xa300,1634085951.995,0,-63,0,903.250,32.50,0
0xa300,1634085952.050,0,-63,0,903.250,32.50,0
0xa300,1634085952.064,0,-59,0,917.250,32.50,0
0xa300,1634085952.118,0,-59,0,917.250,32.50,0
0xa300,1634085952.171,0,-59,0,917.250,32.50,0
0xa300,1634085952.223,0,-59,0,917.250,32.50,0
0xa300,1634085952.284,0,-59,0,920.250,32.50,0
0xa300,1634085952.337,0,-59,0,920.250,32.50,0
0xa300,1634085952.390,0,-59,0,920.250,32.50,0
0xa300,1634085952.444,0,-59,0,920.250,32.50,0
0xa300,1634085952.497,0,-59,0,921.750,32.50,0
0xa300,1634085952.549,0,-59,0,921.750,32.50,0
0xa300,1634085952.602,0,-59,0,921.750,32.50,0
0xa300,1634085952.655,0,-59,0,921.750,32.50,0
0xa300,1634085952.714,0,-63,0,905.750,32.50,0
0xa300,1634085952.773,0,-62,0,905.750,32.50,0
0xa300,1634085952.832,0,-63,0,905.750,32.50,0
0xa300,1634085952.881,0,-63,0,905.750,32.50,0
0xa300,1634085952.906,0,-59,0,927.250,32.50,0
0xa300,1634085952.958,0,-59,0,927.250,32.50,0
0xa300,1634085953.012,0,-59,0,927.250,32.50,0
0xa300,1634085953.067,0,-59,0,927.250,32.50,0
0xa300,1634085953.122,0,-59,0,924.750,32.50,0
0xa300,1634085953.177,0,-60,0,924.750,32.50,0
0xa300,1634085953.233,0,-60,0,924.750,32.50,0
0xa300,1634085953.285,0,-60,0,924.750,32.50,0
0xa300,1634085953.342,0,-63,0,906.250,32.50,0
0xa300,1634085953.400,0,-63,0,906.250,32.50,0
0xa300,1634085953.455,0,-63,0,906.250,32.50,0
0xa300,1634085953.507,0,-63,0,906.250,32.50,0
0xa300,1634085953.522,0,-61,0,910.250,32.50,0
0xa300,1634085953.575,0,-61,0,910.250,32.50,0
0xa300,1634085953.628,0,-61,0,910.250,32.50,0
0xa300,1634085953.681,0,-61,0,910.250,32.50,0
0xa300,1634085953.733,0,-61,0,915.250,32.50,0
0xa300,1634085953.787,0,-60,0,915.250,32.50,0
0xa300,1634085953.840,0,-60,0,915.250,32.50,0
0xa300,1634085953.892,0,-60,0,915.250,32.50,0
0xa300,1634085953.946,0,-63,0,904.250,32.50,0
0xa300,1634085954.001,0,-63,0,904.250,32.50,0
0xa300,1634085954.054,0,-64,0,904.250,32.50,0
0xa300,1634085954.111,0,-66,0,904.250,32.50,0
0xa300,1634085954.164,0,-62,0,918.750,32.50,0
0xa300,1634085954.217,0,-60,0,918.750,32.50,0
0xa300,1634085954.275,0,-58,0,918.750,32.50,0
0xa300,1634085954.333,0,-59,0,918.750,32.50,0
0xa300,1634085954.358,0,-60,0,913.250,32.50,0
0xa300,1634085954.419,0,-60,0,913.250,32.50,0
0xa300,1634085954.478,0,-60,0,913.250,32.50,0
0xa300,1634085954.532,0,-61,0,913.250,32.50,0
0xa300,1634085954.556,0,-62,0,905.250,32.50,0
0xa300,1634085954.615,0,-62,0,905.250,32.50,0
0xa300,1634085954.671,0,-62,0,905.250,32.50,0
0xa300,1634085954.729,0,-62,0,905.250,32.50,0
0xa300,1634085954.792,0,-62,0,922.250,32.50,0
0xa300,1634085954.847,0,-62,0,922.250,32.50,0
0xa300,1634085954.900,0,-62,0,922.250,32.50,0
0xa300,1634085954.959,0,-61,0,919.750,32.50,0
0xa300,1634085955.012,0,-61,0,919.750,32.50,0
0xa300,1634085955.064,0,-62,0,919.750,32.50,0
0xa300,1634085955.117,0,-62,0,919.750,32.50,0
0xa300,1634085955.173,0,-64,0,907.750,32.50,0
0xa300,1634085955.226,0,-64,0,907.750,32.50,0
0xa300,1634085955.279,0,-63,0,907.750,32.50,0
0xa300,1634085955.332,0,-63,0,907.750,32.50,0
0xa300,1634085955.385,0,-63,0,912.250,32.50,0
0xa300,1634085955.440,0,-63,0,912.250,32.50,0
0xa300,1634085955.493,0,-62,0,912.250,32.50,0
0xa300,1634085955.545,0,-63,0,912.250,32.50,0
0xa300,1634085955.599,0,-61,0,926.250,32.50,0
0xa300,1634085955.655,0,-62,0,926.250,32.50,0
0xa300,1634085955.712,0,-62,0,926.250,32.50,0
0xa300,1634085955.768,0,-63,0,926.250,32.50,0
0xa300,1634085955.828,0,-63,0,921.250,32.50,0
0xa300,1634085955.881,0,-63,0,921.250,32.50,0
0xa300,1634085955.933,0,-63,0,921.250,32.50,0
0xa300,1634085955.996,0,-64,0,907.250,32.50,0
0xa300,1634085956.053,0,-64,0,907.250,32.50,0
0xa300,1634085956.107,0,-63,0,907.250,32.50,0
0xa300,1634085956.161,0,-64,0,907.250,32.50,0
0xa300,1634085956.214,0,-63,0,917.750,32.50,0
0xa300,1634085956.267,0,-63,0,917.750,32.50,0
0xa300,1634085956.320,0,-63,0,917.750,32.50,0
0xa300,1634085956.375,0,-63,0,917.750,32.50,0
0xa300,1634085956.428,0,-63,0,916.750,32.50,0
0xa300,1634085956.482,0,-63,0,916.750,32.50,0
0xa300,1634085956.534,0,-63,0,916.750,32.50,0
0xa300,1634085956.588,0,-63,0,916.750,32.50,0
0xa300,1634085956.642,0,-63,0,922.750,32.50,0
0xa300,1634085956.696,0,-63,0,922.750,32.50,0
0xa300,1634085956.750,0,-63,0,922.750,32.50,0
0xa300,1634085956.803,0,-63,0,922.750,32.50,0
0xa300,1634085956.855,0,-65,0,903.750,32.50,0
0xa300,1634085956.908,0,-65,0,903.750,32.50,0
0xa300,1634085956.964,0,-65,0,903.750,32.50,0
0xa300,1634085957.021,0,-65,0,903.750,32.50,0
0xa300,1634085957.074,0,-63,0,916.250,32.50,0
0xa300,1634085957.129,0,-64,0,916.250,32.50,0
0xa300,1634085957.182,0,-64,0,916.250,32.50,0
0xa300,1634085957.236,0,-64,0,916.250,32.50,0
0xa300,1634085957.289,0,-63,0,919.250,32.50,0
0xa300,1634085957.341,0,-63,0,919.250,32.50,0
0xa300,1634085957.397,0,-63,0,919.250,32.50,0
0xa300,1634085957.450,0,-63,0,919.250,32.50,0
0xa300,1634085957.503,0,-63,0,923.250,32.50,0
0xa300,1634085957.555,0,-63,0,923.250,32.50,0
0xa300,1634085957.609,0,-63,0,923.250,32.50,0
0xa300,1634085957.662,0,-63,0,923.250,32.50,0
0xa300,1634085957.714,0,-64,0,913.750,32.50,0
0xa300,1634085957.769,0,-64,0,913.750,32.50,0
0xa300,1634085957.821,0,-64,0,913.750,32.50,0
0xa300,1634085957.874,0,-64,0,913.750,32.50,0
0xa300,1634085957.929,0,-63,0,924.250,32.50,0
0xa300,1634085957.983,0,-63,0,924.250,32.50,0
0xa300,1634085958.036,0,-63,0,924.250,32.50,0
0xa300,1634085958.089,0,-63,0,924.250,32.50,0
0xa300,1634085958.142,0,-63,0,925.250,32.50,0
0xa300,1634085958.197,0,-63,0,925.250,32.50,0
0xa300,1634085958.250,0,-63,0,925.250,32.50,0
0xa300,1634085958.303,0,-63,0,925.250,32.50,0
0xa300,1634085958.356,0,-66,0,902.750,32.50,0
0xa300,1634085958.409,0,-66,0,902.750,32.50,0
0xa300,1634085958.462,0,-65,0,902.750,32.50,0
0xa300,1634085958.515,0,-66,0,902.750,32.50,0
0xa300,1634085958.570,0,-64,0,910.750,32.50,0
0xa300,1634085958.623,0,-64,0,910.750,32.50,0
0xa300,1634085958.680,0,-63,0,910.750,32.50,0
0xa300,1634085958.736,0,-64,0,910.750,32.50,0
0xa300,1634085958.790,0,-63,0,918.250,32.50,0
0xa300,1634085958.843,0,-63,0,918.250,32.50,0
0xa300,1634085958.897,0,-63,0,918.250,32.50,0
0xa300,1634085958.949,0,-63,0,918.250,32.50,0
0xa300,1634085959.006,0,-63,0,908.750,32.50,0
0xa300,1634085959.058,0,-63,0,908.750,32.50,0
0xa300,1634085959.113,0,-63,0,908.750,32.50,0
0xa300,1634085959.168,0,-63,0,908.750,32.50,0
0xa300,1634085959.221,0,-63,0,923.750,32.50,0
0xa300,1634085959.274,0,-63,0,923.750,32.50,0
0xa300,1634085959.327,0,-63,0,923.750,32.50,0
0xa300,1634085959.379,0,-63,0,923.750,32.50,0
0xa300,1634085959.435,0,-63,0,911.250,32.50,0
0xa300,1634085959.499,0,-63,0,911.250,32.50,0
0xa300,1634085959.554,0,-63,0,911.250,32.50,0
0xa300,1634085959.601,0,-63,0,911.250,32.50,0
0xa300,1634085959.621,0,-63,0,925.750,32.50,0
0xa300,1634085959.674,0,-63,0,925.750,32.50,0
0xa300,1634085959.727,0,-63,0,925.750,32.50,0
0xa300,1634085959.781,0,-63,0,925.750,32.50,0
0xa300,1634085959.834,0,-64,0,906.750,32.50,0
0xa300,1634085959.888,0,-64,0,906.750,32.50,0
0xa300,1634085959.942,0,-64,0,906.750,32.50,0
0xa300,1634085959.996,0,-64,0,906.750,32.50,0
0xa300,1634085960.053,0,-63,0,926.750,32.50,0
0xa300,1634085960.112,0,-63,0,926.750,32.50,0
0xa300,1634085960.173,0,-62,0,926.750,32.50,0
0xa300,1634085960.216,0,-63,0,926.750,32.50,0
0xa300,1634085960.241,0,-63,0,920.750,32.50,0
0xa300,1634085960.293,0,-63,0,920.750,32.50,0
0xa300,1634085960.347,0,-63,0,920.750,32.50,0
0xa300,1634085960.399,0,-63,0,920.750,32.50,0
0xa300,1634085960.453,0,-63,0,914.250,32.50,0
0xa300,1634085960.507,0,-63,0,914.250,32.50,0
0xa300,1634085960.560,0,-63,0,914.250,32.50,0
0xa300,1634085960.613,0,-63,0,914.250,32.50,0
0xa300,1634085960.669,0,-63,0,911.750,32.50,0
0xa300,1634085960.726,0,-63,0,911.750,32.50,0
0xa300,1634085960.782,0,-63,0,911.750,32.50,0
0xa300,1634085960.837,0,-63,0,911.750,32.50,0
0xa300,1634085960.896,0,-64,0,904.750,32.50,0
0xa300,1634085960.949,0,-64,0,904.750,32.50,0
0xa300,1634085961.002,0,-64,0,904.750,32.50,0
0xa300,1634085961.065,0,-63,0,914.750,32.50,0
0xa300,1634085961.118,0,-63,0,914.750,32.50,0
0xa300,1634085961.172,0,-63,0,914.750,32.50,0
0xa300,1634085961.225,0,-63,0,914.750,32.50,0
0xa300,1634085961.278,0,-63,0,908.250,32.50,0
0xa300,1634085961.331,0,-63,0,908.250,32.50,0
0xa300,1634085961.387,0,-63,0,908.250,32.50,0
0xa300,1634085961.440,0,-63,0,908.250,32.50,0
0xa300,1634085961.498,0,-63,0,909.750,32.50,0
0xa300,1634085961.554,0,-63,0,909.750,32.50,0
0xa300,1634085961.611,0,-63,0,909.750,32.50,0
0xa300,1634085961.666,0,-63,0,909.750,32.50,0
0xa300,1634085961.681,0,-64,0,915.750,32.50,0
0xa300,1634085961.734,0,-63,0,915.750,32.50,0
0xa300,1634085961.789,0,-63,0,915.750,32.50,0
0xa300,1634085961.843,0,-63,0,915.750,32.50,0
0xa300,1634085961.898,0,-63,0,912.750,32.50,0
0xa300,1634085961.954,0,-63,0,912.750,32.50,0
0xa300,1634085962.009,0,-63,0,912.750,32.50,0
0xa300,1634085962.063,0,-63,0,912.750,32.50,0
0xa300,1634085962.082,0,-63,0,909.250,32.50,0
0xa300,1634085962.138,0,-63,0,909.250,32.50,0
0xa300,1634085962.194,0,-63,0,909.250,32.50,0
0xa300,1634085962.250,0,-63,0,909.250,32.50,0
0xa300,1634085962.305,0,-65,0,903.250,32.50,0
0xa300,1634085962.360,0,-65,0,903.250,32.50,0
0xa300,1634085962.416,0,-65,0,903.250,32.50,0
0xa300,1634085962.475,0,-65,0,903.250,32.50,0
0xa300,1634085962.490,0,-63,0,917.250,32.50,0
0xa300,1634085962.543,0,-63,0,917.250,32.50,0
0xa300,1634085962.597,0,-63,0,917.250,32.50,0
0xa300,1634085962.649,0,-63,0,917.250,32.50,0
0xa300,1634085962.708,0,-63,0,920.250,32.50,0
0xa300,1634085962.763,0,-63,0,920.250,32.50,0
0xa300,1634085962.816,0,-63,0,920.250,32.50,0
0xa300,1634085962.869,0,-63,0,920.250,32.50,0
0xa300,1634085962.921,0,-63,0,921.750,32.50,0
0xa300,1634085962.974,0,-63,0,921.750,32.50,0
0xa300,1634085963.027,0,-63,0,921.750,32.50,0
0xa300,1634085963.080,0,-63,0,921.750,32.50,0
0xa300,1634085963.134,0,-64,0,905.750,32.50,0
0xa300,1634085963.191,0,-64,0,905.750,32.50,0
0xa300,1634085963.245,0,-64,0,905.750,32.50,0
0xa300,1634085963.298,0,-64,0,905.750,32.50,0
0xa300,1634085963.351,0,-62,0,927.250,32.50,0
0xa300,1634085963.407,0,-63,0,927.250,32.50,0
0xa300,1634085963.460,0,-62,0,927.250,32.50,0
0xa300,1634085963.513,0,-63,0,927.250,32.50,0
0xa300,1634085963.566,0,-63,0,924.750,32.50,0
0xa300,1634085963.620,0,-63,0,924.750,32.50,0
0xa300,1634085963.673,0,-63,0,924.750,32.50,0
0xa300,1634085963.725,0,-63,0,924.750,32.50,0
0xa300,1634085963.782,0,-64,0,906.250,32.50,0
0xa300,1634085963.836,0,-64,0,906.250,32.50,0
0xa300,1634085963.896,0,-64,0,906.250,32.50,0
0xa300,1634085963.949,0,-64,0,906.250,32.50,0
0xa300,1634085964.006,0,-63,0,910.250,32.50,0
0xa300,1634085964.061,0,-63,0,910.250,32.50,0
0xa300,1634085964.116,0,-63,0,910.250,32.50,0
0xa300,1634085964.172,0,-63,0,910.250,32.50,0
0xa300,1634085964.224,0,-63,0,915.250,32.50,0
0xa300,1634085964.278,0,-63,0,915.250,32.50,0
0xa300,1634085964.331,0,-63,0,915.250,32.50,0
0xa300,1634085964.384,0,-63,0,915.250,32.50,0
0xa300,1634085964.441,0,-64,0,904.250,32.50,0
0xa300,1634085964.494,0,-64,0,904.250,32.50,0
0xa300,1634085964.547,0,-64,0,904.250,32.50,0
0xa300,1634085964.601,0,-64,0,904.250,32.50,0
0xa300,1634085964.657,0,-62,0,918.750,32.50,0
0xa300,1634085964.710,0,-63,0,918.750,32.50,0
0xa300,1634085964.764,0,-63,0,918.750,32.50,0
0xa300,1634085964.817,0,-63,0,918.750,32.50,0
0xa300,1634085964.873,0,-63,0,913.250,32.50,0
0xa300,1634085964.928,0,-63,0,913.250,32.50,0
0xa300,1634085964.981,0,-63,0,913.250,32.50,0
0xa300,1634085965.034,0,-63,0,913.250,32.50,0
0xa300,1634085965.089,0,-63,0,905.250,32.50,0
0xa300,1634085965.141,0,-64,0,905.250,32.50,0
0xa300,1634085965.194,0,-64,0,905.250,32.50,0
0xa300,1634085965.247,0,-64,0,905.250,32.50,0
0xa300,1634085965.303,0,-63,0,922.250,32.50,0
0xa300,1634085965.356,0,-63,0,922.250,32.50,0
0xa300,1634085965.409,0,-63,0,922.250,32.50,0
0xa300,1634085965.462,0,-63,0,922.250,32.50,0
0xa300,1634085965.515,0,-62,0,919.750,32.50,0
0xa300,1634085965.571,0,-62,0,919.750,32.50,0
0xa300,1634085965.624,0,-62,0,919.750,32.50,0
0xa300,1634085965.677,0,-62,0,919.750,32.50,0
0xa300,1634085965.736,0,-62,0,907.750,32.50,0
0xa300,1634085965.794,0,-63,0,907.750,32.50,0
0xa300,1634085965.859,0,-62,0,907.750,32.50,0
0xa300,1634085965.944,0,-62,0,912.250,32.50,0
0xa300,1634085966.004,0,-62,0,912.250,32.50,0
0xa300,1634085966.064,0,-62,0,912.250,32.50,0
0xa300,1634085966.129,0,-61,0,926.250,32.50,0
0xa300,1634085966.186,0,-62,0,926.250,32.50,0
0xa300,1634085966.244,0,-62,0,926.250,32.50,0
0xa300,1634085966.300,0,-62,0,926.250,32.50,0
0xa300,1634085966.319,0,-62,0,921.250,32.50,0
0xa300,1634085966.375,0,-61,0,921.250,32.50,0
0xa300,1634085966.429,0,-61,0,921.250,32.50,0
0xa300,1634085966.482,0,-62,0,921.250,32.50,0
0xa300,1634085966.542,0,-64,0,907.250,32.50,0
0xa300,1634085966.597,0,-64,0,907.250,32.50,0
0xa300,1634085966.657,0,-65,0,907.250,32.50,0
0xa300,1634085966.708,0,-65,0,907.250,32.50,0
0xa300,1634085966.739,0,-62,0,917.750,32.50,0
0xa300,1634085966.792,0,-61,0,917.750,32.50,0
0xa300,1634085966.845,0,-60,0,917.750,32.50,0
0xa300,1634085966.899,0,-60,0,917.750,32.50,0
0xa300,1634085966.952,0,-60,0,916.750,32.50,0
0xa300,1634085967.007,0,-60,0,916.750,32.50,0
0xa300,1634085967.061,0,-60,0,916.750,32.50,0
0xa300,1634085967.114,0,-60,0,916.750,32.50,0
0xa300,1634085967.167,0,-60,0,922.750,32.50,0
0xa300,1634085967.220,0,-60,0,922.750,32.50,0
0xa300,1634085967.273,0,-60,0,922.750,32.50,0
0xa300,1634085967.326,0,-60,0,922.750,32.50,0
0xa300,1634085967.379,0,-64,0,903.750,32.50,0
0xa300,1634085967.434,0,-64,0,903.750,32.50,0
0xa300,1634085967.488,0,-65,0,903.750,32.50,0
0xa300,1634085967.543,0,-64,0,903.750,32.50,0
0xa300,1634085967.596,0,-61,0,916.250,32.50,0
0xa300,1634085967.649,0,-61,0,916.250,32.50,0
0xa300,1634085967.702,0,-61,0,916.250,32.50,0
0xa300,1634085967.756,0,-63,0,916.250,32.50,0
0xa300,1634085967.810,0,-63,0,919.250,32.50,0
0xa300,1634085967.864,0,-63,0,919.250,32.50,0
0xa300,1634085967.917,0,-62,0,919.250,32.50,0
0xa300,1634085967.969,0,-61,0,919.250,32.50,0
0xa300,1634085968.023,0,-61,0,923.250,32.50,0
0xa300,1634085968.078,0,-61,0,923.250,32.50,0
0xa300,1634085968.131,0,-61,0,923.250,32.50,0
0xa300,1634085968.184,0,-61,0,923.250,32.50,0
0xa300,1634085968.237,0,-61,0,913.750,32.50,0
0xa300,1634085968.294,0,-61,0,913.750,32.50,0
0xa300,1634085968.349,0,-61,0,913.750,32.50,0
0xa300,1634085968.402,0,-61,0,913.750,32.50,0
0xa300,1634085968.456,0,-61,0,924.250,32.50,0
0xa300,1634085968.509,0,-61,0,924.250,32.50,0
0xa300,1634085968.564,0,-61,0,924.250,32.50,0
0xa300,1634085968.618,0,-61,0,924.250,32.50,0
0xa300,1634085968.671,0,-61,0,925.250,32.50,0
0xa300,1634085968.725,0,-61,0,925.250,32.50,0
0xa300,1634085968.778,0,-61,0,925.250,32.50,0
0xa300,1634085968.831,0,-61,0,925.250,32.50,0
0xa300,1634085968.888,0,-61,0,902.750,32.50,0
0xa300,1634085968.943,0,-61,0,902.750,32.50,0
0xa300,1634085969.000,0,-61,0,902.750,32.50,0
0xa300,1634085969.073,0,-61,0,910.750,32.50,0
0xa300,1634085969.128,0,-61,0,910.750,32.50,0
0xa300,1634085969.186,0,-60,0,910.750,32.50,0
0xa300,1634085969.240,0,-61,0,910.750,32.50,0
0xa300,1634085969.293,0,-60,0,918.250,32.50,0
0xa300,1634085969.347,0,-60,0,918.250,32.50,0
0xa300,1634085969.399,0,-60,0,918.250,32.50,0
0xa300,1634085969.453,0,-60,0,918.250,32.50,0
0xa300,1634085969.510,0,-61,0,908.750,32.50,0
0xa300,1634085969.567,0,-61,0,908.750,32.50,0
0xa300,1634085969.623,0,-61,0,908.750,32.50,0
0xa300,1634085969.675,0,-61,0,908.750,32.50,0
0xa300,1634085969.701,0,-61,0,923.750,32.50,0
0xa300,1634085969.754,0,-61,0,923.750,32.50,0
0xa300,1634085969.811,0,-60,0,923.750,32.50,0
0xa300,1634085969.867,0,-61,0,923.750,32.50,0
0xa300,1634085969.921,0,-60,0,911.250,32.50,0
0xa300,1634085969.976,0,-60,0,911.250,32.50,0
0xa300,1634085970.029,0,-60,0,911.250,32.50,0
0xa300,1634085970.084,0,-61,0,911.250,32.50,0
0xa300,1634085970.138,0,-61,0,925.750,32.50,0
0xa300,1634085970.192,0,-61,0,925.750,32.50,0
0xa300,1634085970.245,0,-61,0,925.750,32.50,0
0xa300,1634085970.298,0,-61,0,925.750,32.50,0
0xa300,1634085970.357,0,-61,0,906.750,32.50,0
0xa300,1634085970.415,0,-61,0,906.750,32.50,0
0xa300,1634085970.472,0,-61,0,906.750,32.50,0
0xa300,1634085970.522,0,-61,0,906.750,32.50,0
0xa300,1634085970.543,0,-61,0,926.750,32.50,0
0xa300,1634085970.596,0,-61,0,926.750,32.50,0
0xa300,1634085970.649,0,-61,0,926.750,32.50,0
0xa300,1634085970.703,0,-61,0,926.750,32.50,0
0xa300,1634085970.757,0,-61,0,920.750,32.50,0
0xa300,1634085970.811,0,-61,0,920.750,32.50,0
0xa300,1634085970.867,0,-61,0,920.750,32.50,0
0xa300,1634085970.919,0,-61,0,920.750,32.50,0
0xa300,1634085970.972,0,-60,0,914.250,32.50,0
0xa300,1634085971.025,0,-60,0,914.250,32.50,0
0xa300,1634085971.079,0,-60,0,914.250,32.50,0
0xa300,1634085971.135,0,-60,0,914.250,32.50,0
0xa300,1634085971.188,0,-60,0,911.750,32.50,0
0xa300,1634085971.242,0,-60,0,911.750,32.50,0
0xa300,1634085971.295,0,-60,0,911.750,32.50,0
0xa300,1634085971.349,0,-60,0,911.750,32.50,0
0xa300,1634085971.406,0,-61,0,904.750,32.50,0
0xa300,1634085971.463,0,-61,0,904.750,32.50,0
0xa300,1634085971.519,0,-61,0,904.750,32.50,0
0xa300,1634085971.574,0,-61,0,904.750,32.50,0
0xa300,1634085971.588,0,-60,0,914.750,32.50,0
0xa300,1634085971.641,0,-60,0,914.750,32.50,0
0xa300,1634085971.694,0,-60,0,914.750,32.50,0
0xa300,1634085971.747,0,-59,0,914.750,32.50,0
0xa300,1634085971.810,0,-60,0,908.250,32.50,0
0xa300,1634085971.866,0,-60,0,908.250,32.50,0
0xa300,1634085971.925,0,-60,0,908.250,32.50,0
0xa300,1634085971.978,0,-60,0,908.250,32.50,0
0xa300,1634085971.999,0,-59,0,909.750,32.50,0
0xa300,1634085972.056,0,-60,0,909.750,32.50,0
0xa300,1634085972.113,0,-59,0,909.750,32.50,0
0xa300,1634085972.170,0,-59,0,909.750,32.50,0
0xa300,1634085972.222,0,-59,0,915.750,32.50,0
0xa300,1634085972.276,0,-59,0,915.750,32.50,0
0xa300,1634085972.329,0,-59,0,915.750,32.50,0
0xa300,1634085972.382,0,-59,0,915.750,32.50,0
0xa300,1634085972.436,0,-60,0,912.750,32.50,0
0xa300,1634085972.492,0,-60,0,912.750,32.50,0
0xa300,1634085972.546,0,-60,0,912.750,32.50,0
0xa300,1634085972.601,0,-60,0,912.750,32.50,0
0xa300,1634085972.658,0,-60,0,909.250,32.50,0
0xa300,1634085972.713,0,-60,0,909.250,32.50,0
0xa300,1634085972.770,0,-60,0,909.250,32.50,0
0xa300,1634085972.827,0,-60,0,909.250,32.50,0
0xa300,1634085972.846,0,-60,0,903.250,32.50,0
0xa300,1634085972.902,0,-60,0,903.250,32.50,0
0xa300,1634085972.958,0,-61,0,903.250,32.50,0
0xa300,1634085973.014,0,-60,0,903.250,32.50,0
0xa300,1634085973.069,0,-59,0,917.250,32.50,0
0xa300,1634085973.122,0,-59,0,917.250,32.50,0
0xa300,1634085973.176,0,-59,0,917.250,32.50,0
0xa300,1634085973.229,0,-59,0,917.250,32.50,0
0xa300,1634085973.281,0,-59,0,920.250,32.50,0
0xa300,1634085973.334,0,-59,0,920.250,32.50,0
0xa300,1634085973.387,0,-59,0,920.250,32.50,0
0xa300,1634085973.440,0,-59,0,920.250,32.50,0
0xa300,1634085973.494,0,-60,0,921.750,32.50,0
0xa300,1634085973.550,0,-59,0,921.750,32.50,0
0xa300,1634085973.602,0,-60,0,921.750,32.50,0
0xa300,1634085973.656,0,-59,0,921.750,32.50,0
0xa300,1634085973.712,0,-60,0,905.750,32.50,0
0xa300,1634085973.767,0,-60,0,905.750,32.50,0
0xa300,1634085973.820,0,-60,0,905.750,32.50,0
0xa300,1634085973.874,0,-60,0,905.750,32.50,0
0xa300,1634085973.928,0,-60,0,927.250,32.50,0
0xa300,1634085973.983,0,-60,0,927.250,32.50,0
0xa300,1634085974.036,0,-60,0,927.250,32.50,0
0xa300,1634085974.090,0,-60,0,927.250,32.50,0
0xa300,1634085974.143,0,-60,0,924.750,32.50,0
0xa300,1634085974.198,0,-60,0,924.750,32.50,0
0xa300,1634085974.251,0,-60,0,924.750,32.50,0
0xa300,1634085974.305,0,-60,0,924.750,32.50,0
0xa300,1634085974.360,0,-60,0,906.250,32.50,0
0xa300,1634085974.414,0,-60,0,906.250,32.50,0
0xa300,1634085974.467,0,-60,0,906.250,32.50,0
0xa300,1634085974.521,0,-60,0,906.250,32.50,0
0xa300,1634085974.574,0,-59,0,910.250,32.50,0
0xa300,1634085974.628,0,-59,0,910.250,32.50,0
0xa300,1634085974.682,0,-59,0,910.250,32.50,0
0xa300,1634085974.737,0,-59,0,910.250,32.50,0
0xa300,1634085974.789,0,-60,0,915.250,32.50,0
0xa300,1634085974.842,0,-60,0,915.250,32.50,0
0xa300,1634085974.896,0,-60,0,915.250,32.50,0
0xa300,1634085974.949,0,-60,0,915.250,32.50,0
0xa300,1634085975.007,0,-61,0,904.250,32.50,0
0xa300,1634085975.063,0,-60,0,904.250,32.50,0
0xa300,1634085975.122,0,-60,0,904.250,32.50,0
0xa300,1634085975.189,0,-60,0,918.750,32.50,0
0xa300,1634085975.242,0,-60,0,918.750,32.50,0
0xa300,1634085975.295,0,-60,0,918.750,32.50,0
0xa300,1634085975.348,0,-60,0,918.750,32.50,0
0xa300,1634085975.402,0,-60,0,913.250,32.50,0
0xa300,1634085975.455,0,-60,0,913.250,32.50,0
0xa300,1634085975.509,0,-60,0,913.250,32.50,0
0xa300,1634085975.562,0,-60,0,913.250,32.50,0
0xa300,1634085975.619,0,-61,0,905.250,32.50,0
0xa300,1634085975.676,0,-61,0,905.250,32.50,0
0xa300,1634085975.733,0,-61,0,905.250,32.50,0
0xa300,1634085975.786,0,-61,0,905.250,32.50,0
0xa300,1634085975.801,0,-61,0,922.250,32.50,0
0xa300,1634085975.854,0,-61,0,922.250,32.50,0
0xa300,1634085975.907,0,-61,0,922.250,32.50,0
0xa300,1634085975.960,0,-62,0,922.250,32.50,0
0xa300,1634085976.019,0,-61,0,919.750,32.50,0
0xa300,1634085976.072,0,-61,0,919.750,32.50,0
0xa300,1634085976.125,0,-61,0,919.750,32.50,0
0xa300,1634085976.180,0,-61,0,919.750,32.50,0
0xa300,1634085976.233,0,-61,0,907.750,32.50,0
0xa300,1634085976.286,0,-61,0,907.750,32.50,0
0xa300,1634085976.339,0,-61,0,907.750,32.50,0
0xa300,1634085976.392,0,-61,0,907.750,32.50,0
0xa300,1634085976.446,0,-61,0,912.250,32.50,0
0xa300,1634085976.500,0,-61,0,912.250,32.50,0
0xa300,1634085976.553,0,-61,0,912.250,32.50,0
0xa300,1634085976.606,0,-61,0,912.250,32.50,0
0xa300,1634085976.661,0,-61,0,926.250,32.50,0
0xa300,1634085976.714,0,-61,0,926.250,32.50,0
0xa300,1634085976.767,0,-61,0,926.250,32.50,0
0xa300,1634085976.821,0,-61,0,926.250,32.50,0
0xa300,1634085976.873,0,-61,0,921.250,32.50,0
0xa300,1634085976.926,0,-61,0,921.250,32.50,0
0xa300,1634085976.978,0,-61,0,921.250,32.50,0
0xa300,1634085977.031,0,-61,0,921.250,32.50,0
0xa300,1634085977.085,0,-61,0,907.250,32.50,0
0xa300,1634085977.140,0,-61,0,907.250,32.50,0
0xa300,1634085977.193,0,-61,0,907.250,32.50,0
0xa300,1634085977.246,0,-61,0,907.250,32.50,0
0xa300,1634085977.299,0,-60,0,917.750,32.50,0
0xa300,1634085977.354,0,-60,0,917.750,32.50,0
0xa300,1634085977.408,0,-60,0,917.750,32.50,0
0xa300,1634085977.461,0,-60,0,917.750,32.50,0
0xa300,1634085977.514,0,-60,0,916.750,32.50,0
0xa300,1634085977.567,0,-60,0,916.750,32.50,0
0xa300,1634085977.619,0,-60,0,916.750,32.50,0
0xa300,1634085977.672,0,-60,0,916.750,32.50,0
0xa300,1634085977.726,0,-61,0,922.750,32.50,0
0xa300,1634085977.779,0,-61,0,922.750,32.50,0
0xa300,1634085977.832,0,-61,0,922.750,32.50,0
0xa300,1634085977.885,0,-61,0,922.750,32.50,0
0xa300,1634085977.942,0,-61,0,903.750,32.50,0
0xa300,1634085978.000,0,-61,0,903.750,32.50,0
0xa300,1634085978.045,0,-61,0,903.750,32.50,0
0xf20a,1634085918.111,0,-68,0,914.250,32.50,0
0xf20a,1634085918.168,0,-69,0,914.250,32.50,0
0xf20a,1634085958.736,0,-70,0,910.750,32.50,0
0xf20a,1634085959.168,0,-70,0,908.750,32.50,0
0xf20a,1634085959.435,0,-69,0,911.250,32.50,0
0xf20a,1634085959.499,0,-68,0,911.250,32.50,0
0xf20a,1634085959.554,0,-70,0,911.250,32.50,0
0xf20a,1634085960.669,0,-70,0,911.750,32.50,0
0xf20a,1634085960.726,0,-70,0,911.750,32.50,0
0xf20a,1634085960.782,0,-69,0,911.750,32.50,0
0xf20a,1634085960.837,0,-70,0,911.750,32.50,0
0xf20a,1634085961.498,0,-70,0,909.750,32.50,0
0xf20a,1634085961.554,0,-70,0,909.750,32.50,0
0xf20a,1634085961.611,0,-70,0,909.750,32.50,0
0xf20a,1634085961.666,0,-70,0,909.750,32.50,0
0xf20a,1634085961.898,0,-69,0,912.750,32.50,0
0xf20a,1634085961.954,0,-69,0,912.750,32.50,0
0xf20a,1634085962.009,0,-69,0,912.750,32.50,0
0xf20a,1634085962.063,0,-69,0,912.750,32.50,0
0xf20a,1634085962.082,0,-70,0,909.250,32.50,0
0xf20a,1634085962.138,0,-70,0,909.250,32.50,0
0xf20a,1634085962.194,0,-69,0,909.250,32.50,0
0xf20a,1634085962.250,0,-69,0,909.250,32.50,0
0xf20a,1634085962.305,0,-70,0,903.250,32.50,0
0xf20a,1634085962.360,0,-70,0,903.250,32.50,0
0xf20a,1634085962.416,0,-70,0,903.250,32.50,0
0xf20a,1634085962.475,0,-70,0,903.250,32.50,0
0xf20a,1634085964.006,0,-69,0,910.250,32.50,0
0xf20a,1634085964.061,0,-69,0,910.250,32.50,0
0xf20a,1634085964.116,0,-69,0,910.250,32.50,0
0xf20a,1634085964.172,0,-69,0,910.250,32.50,0
0xf20a,1634085965.736,0,-70,0,907.750,32.50,0
0xf20a,1634085965.794,0,-69,0,907.750,32.50,0
0xf20a,1634085965.859,0,-69,0,907.750,32.50,0
0xf20a,1634085965.899,0,-69,0,907.750,32.50,0
0xf20a,1634085965.944,0,-68,0,912.250,32.50,0
0xf20a,1634085966.004,0,-68,0,912.250,32.50,0
0xf20a,1634085966.065,0,-68,0,912.250,32.50,0
0xf20a,1634085966.542,0,-67,0,907.250,32.50,0
0xf20a,1634085966.597,0,-67,0,907.250,32.50,0
0xf20a,1634085966.657,0,-67,0,907.250,32.50,0
0xf20a,1634085966.708,0,-68,0,907.250,32.50,0
0xf902f920,1634085918.111,0,-56,0,914.250,32.50,0
0xf902f920,1634085918.168,0,-56,0,914.250,32.50,0
0xf902f920,1634085918.221,0,-56,0,914.250,32.50,0
0xf902f920,1634085918.274,0,-56,0,914.250,32.50,0
0xf902f920,1634085918.326,0,-56,0,911.750,32.50,0
0xf902f920,1634085918.380,0,-56,0,911.750,32.50,0
0xf902f920,1634085918.433,0,-56,0,911.750,32.50,0
0xf902f920,1634085918.486,0,-56,0,911.750,32.50,0
0xf902f920,1634085918.540,0,-55,0,904.750,32.50,0
0xf902f920,1634085918.593,0,-55,0,904.750,32.50,0
0xf902f920,1634085918.647,0,-55,0,904.750,32.50,0
0xf902f920,1634085918.699,0,-55,0,904.750,32.50,0
0xf902f920,1634085918.752,0,-56,0,914.750,32.50,0
0xf902f920,1634085918.806,0,-56,0,914.750,32.50,0
0xf902f920,1634085918.859,0,-56,0,914.750,32.50,0
0xf902f920,1634085918.911,0,-56,0,914.750,32.50,0
0xf902f920,1634085918.964,0,-55,0,908.250,32.50,0
0xf902f920,1634085919.017,0,-55,0,908.250,32.50,0
0xf902f920,1634085919.070,0,-55,0,908.250,32.50,0
0xf902f920,1634085919.123,0,-55,0,908.250,32.50,0
0xf902f920,1634085919.176,0,-55,0,909.750,32.50,0
0xf902f920,1634085919.230,0,-55,0,909.750,32.50,0
0xf902f920,1634085919.283,0,-55,0,909.750,32.50,0
0xf902f920,1634085919.336,0,-55,0,909.750,32.50,0
0xf902f920,1634085919.389,0,-56,0,915.750,32.50,0
0xf902f920,1634085919.443,0,-56,0,915.750,32.50,0
0xf902f920,1634085919.496,0,-56,0,915.750,32.50,0
0xf902f920,1634085919.550,0,-56,0,915.750,32.50,0
0xf902f920,1634085919.602,0,-56,0,912.750,32.50,0
0xf902f920,1634085919.656,0,-56,0,912.750,32.50,0
0xf902f920,1634085919.709,0,-56,0,912.750,32.50,0
0xf902f920,1634085919.762,0,-56,0,912.750,32.50,0
0xf902f920,1634085919.815,0,-55,0,909.250,32.50,0
0xf902f920,1634085919.868,0,-55,0,909.250,32.50,0
0xf902f920,1634085919.921,0,-55,0,909.250,32.50,0
0xf902f920,1634085919.975,0,-55,0,909.250,32.50,0
0xf902f920,1634085920.028,0,-55,0,903.250,32.50,0
0xf902f920,1634085920.081,0,-55,0,903.250,32.50,0
0xf902f920,1634085920.135,0,-55,0,903.250,32.50,0
0xf902f920,1634085920.188,0,-55,0,903.250,32.50,0
0xf902f920,1634085920.243,0,-56,0,917.250,32.50,0
0xf902f920,1634085920.295,0,-56,0,917.250,32.50,0
0xf902f920,1634085920.348,0,-56,0,917.250,32.50,0
0xf902f920,1634085920.401,0,-56,0,917.250,32.50,0
0xf902f920,1634085920.455,0,-56,0,920.250,32.50,0
0xf902f920,1634085920.508,0,-56,0,920.250,32.50,0
0xf902f920,1634085920.561,0,-56,0,920.250,32.50,0
0xf902f920,1634085920.613,0,-56,0,920.250,32.50,0
0xf902f920,1634085920.666,0,-57,0,921.750,32.50,0
0xf902f920,1634085920.718,0,-57,0,921.750,32.50,0
0xf902f920,1634085920.772,0,-57,0,921.750,32.50,0
0xf902f920,1634085920.825,0,-57,0,921.750,32.50,0
0xf902f920,1634085920.880,0,-55,0,905.750,32.50,0
0xf902f920,1634085920.934,0,-55,0,905.750,32.50,0
0xf902f920,1634085920.986,0,-55,0,905.750,32.50,0
0xf902f920,1634085921.039,0,-55,0,905.750,32.50,0
0xf902f920,1634085921.093,0,-57,0,927.250,32.50,0
0xf902f920,1634085921.148,0,-57,0,927.250,32.50,0
0xf902f920,1634085921.202,0,-57,0,927.250,32.50,0
0xf902f920,1634085921.257,0,-57,0,927.250,32.50,0
0xf902f920,1634085921.310,0,-57,0,924.750,32.50,0
0xf902f920,1634085921.364,0,-57,0,924.750,32.50,0
0xf902f920,1634085921.416,0,-57,0,924.750,32.50,0
0xf902f920,1634085921.471,0,-57,0,924.750,32.50,0
0xf902f920,1634085921.527,0,-55,0,906.250,32.50,0
0xf902f920,1634085921.580,0,-55,0,906.250,32.50,0
0xf902f920,1634085921.636,0,-55,0,906.250,32.50,0
0xf902f920,1634085921.689,0,-55,0,906.250,32.50,0
0xf902f920,1634085921.745,0,-55,0,910.250,32.50,0
0xf902f920,1634085921.798,0,-55,0,910.250,32.50,0
0xf902f920,1634085921.850,0,-55,0,910.250,32.50,0
0xf902f920,1634085921.906,0,-55,0,910.250,32.50,0
0xf902f920,1634085921.959,0,-56,0,915.250,32.50,0
0xf902f920,1634085922.013,0,-56,0,915.250,32.50,0
0xf902f920,1634085922.068,0,-56,0,915.250,32.50,0
0xf902f920,1634085922.123,0,-56,0,915.250,32.50,0
0xf902f920,1634085922.179,0,-55,0,904.250,32.50,0
0xf902f920,1634085922.233,0,-55,0,904.250,32.50,0
0xf902f920,1634085922.286,0,-55,0,904.250,32.50,0
0xf902f920,1634085922.339,0,-55,0,904.250,32.50,0
0xf902f920,1634085922.391,0,-56,0,918.750,32.50,0
0xf902f920,1634085922.444,0,-56,0,918.750,32.50,0
0xf902f920,1634085922.497,0,-56,0,918.750,32.50,0
0xf902f920,1634085922.550,0,-56,0,918.750,32.50,0
0xf902f920,1634085922.602,0,-56,0,913.250,32.50,0
0xf902f920,1634085922.655,0,-56,0,913.250,32.50,0
0xf902f920,1634085922.711,0,-56,0,913.250,32.50,0
0xf902f920,1634085922.765,0,-56,0,913.250,32.50,0
0xf902f920,1634085922.822,0,-55,0,905.250,32.50,0
0xf902f920,1634085922.875,0,-55,0,905.250,32.50,0
0xf902f920,1634085922.929,0,-55,0,905.250,32.50,0
0xf902f920,1634085922.982,0,-55,0,905.250,32.50,0
0xf902f920,1634085923.036,0,-57,0,922.250,32.50,0
0xf902f920,1634085923.090,0,-57,0,922.250,32.50,0
0xf902f920,1634085923.142,0,-57,0,922.250,32.50,0
0xf902f920,1634085923.196,0,-57,0,922.250,32.50,0
0xf902f920,1634085923.249,0,-56,0,919.750,32.50,0
0xf902f920,1634085923.301,0,-56,0,919.750,32.50,0
0xf902f920,1634085923.354,0,-56,0,919.750,32.50,0
0xf902f920,1634085923.407,0,-56,0,919.750,32.50,0
0xf902f920,1634085923.461,0,-55,0,907.750,32.50,0
0xf902f920,1634085923.513,0,-55,0,907.750,32.50,0
0xf902f920,1634085923.566,0,-55,0,907.750,32.50,0
0xf902f920,1634085923.620,0,-55,0,907.750,32.50,0
0xf902f920,1634085923.673,0,-56,0,912.250,32.50,0
0xf902f920,1634085923.727,0,-56,0,912.250,32.50,0
0xf902f920,1634085923.779,0,-56,0,912.250,32.50,0
0xf902f920,1634085923.832,0,-56,0,912.250,32.50,0
0xf902f920,1634085923.885,0,-57,0,926.250,32.50,0
0xf902f920,1634085923.941,0,-57,0,926.250,32.50,0
0xf902f920,1634085923.994,0,-57,0,926.250,32.50,0
0xf902f920,1634085924.048,0,-57,0,926.250,32.50,0
0xf902f920,1634085924.101,0,-56,0,921.250,32.50,0
0xf902f920,1634085924.153,0,-56,0,921.250,32.50,0
0xf902f920,1634085924.207,0,-56,0,921.250,32.50,0
0xf902f920,1634085924.260,0,-56,0,921.250,32.50,0
0xf902f920,1634085924.312,0,-55,0,907.250,32.50,0
0xf902f920,1634085924.366,0,-55,0,907.250,32.50,0
0xf902f920,1634085924.418,0,-55,0,907.250,32.50,0
0xf902f920,1634085924.471,0,-55,0,907.250,32.50,0
0xf902f920,1634085924.525,0,-56,0,917.750,32.50,0
0xf902f920,1634085924.578,0,-56,0,917.750,32.50,0
0xf902f920,1634085924.634,0,-56,0,917.750,32.50,0
0xf902f920,1634085924.687,0,-56,0,917.750,32.50,0
0xf902f920,1634085924.741,0,-56,0,916.750,32.50,0
0xf902f920,1634085924.794,0,-56,0,916.750,32.50,0
0xf902f920,1634085924.848,0,-56,0,916.750,32.50,0
0xf902f920,1634085924.901,0,-56,0,916.750,32.50,0
0xf902f920,1634085924.954,0,-57,0,922.750,32.50,0
0xf902f920,1634085925.007,0,-57,0,922.750,32.50,0
0xf902f920,1634085925.061,0,-57,0,922.750,32.50,0
0xf902f920,1634085925.114,0,-57,0,922.750,32.50,0
0xf902f920,1634085925.169,0,-55,0,903.750,32.50,0
0xf902f920,1634085925.225,0,-55,0,903.750,32.50,0
0xf902f920,1634085925.282,0,-55,0,903.750,32.50,0
0xf902f920,1634085925.339,0,-55,0,903.750,32.50,0
0xf902f920,1634085925.398,0,-56,0,916.250,32.50,0
0xf902f920,1634085925.451,0,-56,0,916.250,32.50,0
0xf902f920,1634085925.504,0,-56,0,916.250,32.50,0
0xf902f920,1634085925.567,0,-56,0,919.250,32.50,0
0xf902f920,1634085925.620,0,-56,0,919.250,32.50,0
0xf902f920,1634085925.672,0,-56,0,919.250,32.50,0
0xf902f920,1634085925.726,0,-56,0,919.250,32.50,0
0xf902f920,1634085925.780,0,-57,0,923.250,32.50,0
0xf902f920,1634085925.832,0,-57,0,923.250,32.50,0
0xf902f920,1634085925.885,0,-57,0,923.250,32.50,0
0xf902f920,1634085925.938,0,-57,0,923.250,32.50,0
0xf902f920,1634085925.990,0,-56,0,913.750,32.50,0
0xf902f920,1634085926.043,0,-56,0,913.750,32.50,0
0xf902f920,1634085926.097,0,-56,0,913.750,32.50,0
0xf902f920,1634085926.149,0,-56,0,913.750,32.50,0
0xf902f920,1634085926.203,0,-57,0,924.250,32.50,0
0xf902f920,1634085926.256,0,-57,0,924.250,32.50,0
0xf902f920,1634085926.309,0,-57,0,924.250,32.50,0
0xf902f920,1634085926.362,0,-57,0,924.250,32.50,0
0xf902f920,1634085926.417,0,-57,0,925.250,32.50,0
0xf902f920,1634085926.470,0,-57,0,925.250,32.50,0
0xf902f920,1634085926.523,0,-57,0,925.250,32.50,0
0xf902f920,1634085926.576,0,-57,0,925.250,32.50,0
0xf902f920,1634085926.633,0,-55,0,902.750,32.50,0
0xf902f920,1634085926.691,0,-55,0,902.750,32.50,0
0xf902f920,1634085926.748,0,-55,0,902.750,32.50,0
0xf902f920,1634085926.802,0,-55,0,902.750,32.50,0
0xf902f920,1634085926.823,0,-55,0,910.750,32.50,0
0xf902f920,1634085926.876,0,-55,0,910.750,32.50,0
0xf902f920,1634085926.930,0,-55,0,910.750,32.50,0
0xf902f920,1634085926.984,0,-55,0,910.750,32.50,0
0xf902f920,1634085927.037,0,-56,0,918.250,32.50,0
0xf902f920,1634085927.090,0,-56,0,918.250,32.50,0
0xf902f920,1634085927.143,0,-56,0,918.250,32.50,0
0xf902f920,1634085927.196,0,-56,0,918.250,32.50,0
0xf902f920,1634085927.249,0,-55,0,908.750,32.50,0
0xf902f920,1634085927.303,0,-55,0,908.750,32.50,0
0xf902f920,1634085927.356,0,-55,0,908.750,32.50,0
0xf902f920,1634085927.410,0,-55,0,908.750,32.50,0
0xf902f920,1634085927.465,0,-57,0,923.750,32.50,0
0xf902f920,1634085927.518,0,-57,0,923.750,32.50,0
0xf902f920,1634085927.571,0,-57,0,923.750,32.50,0
0xf902f920,1634085927.624,0,-57,0,923.750,32.50,0
0xf902f920,1634085927.680,0,-56,0,911.250,32.50,0
0xf902f920,1634085927.734,0,-55,0,911.250,32.50,0
0xf902f920,1634085927.786,0,-55,0,911.250,32.50,0
0xf902f920,1634085927.842,0,-56,0,911.250,32.50,0
0xf902f920,1634085927.894,0,-57,0,925.750,32.50,0
0xf902f920,1634085927.947,0,-57,0,925.750,32.50,0
0xf902f920,1634085927.999,0,-57,0,925.750,32.50,0
0xf902f920,1634085928.052,0,-57,0,925.750,32.50,0
0xf902f920,1634085928.108,0,-55,0,906.750,32.50,0
0xf902f920,1634085928.161,0,-55,0,906.750,32.50,0
0xf902f920,1634085928.214,0,-55,0,906.750,32.50,0
0xf902f920,1634085928.267,0,-55,0,906.750,32.50,0
0xf902f920,1634085928.321,0,-57,0,926.750,32.50,0
0xf902f920,1634085928.375,0,-57,0,926.750,32.50,0
0xf902f920,1634085928.428,0,-57,0,926.750,32.50,0
0xf902f920,1634085928.481,0,-57,0,926.750,32.50,0
0xf902f920,1634085928.534,0,-56,0,920.750,32.50,0
0xf902f920,1634085928.589,0,-56,0,920.750,32.50,0
0xf902f920,1634085928.641,0,-56,0,920.750,32.50,0
0xf902f920,1634085928.694,0,-56,0,920.750,32.50,0
0xf902f920,1634085928.747,0,-56,0,914.250,32.50,0
0xf902f920,1634085928.800,0,-56,0,914.250,32.50,0
0xf902f920,1634085928.853,0,-56,0,914.250,32.50,0
0xf902f920,1634085928.907,0,-56,0,914.250,32.50,0
0xf902f920,1634085928.959,0,-56,0,911.750,32.50,0
0xf902f920,1634085929.012,0,-56,0,911.750,32.50,0
0xf902f920,1634085929.066,0,-56,0,911.750,32.50,0
0xf902f920,1634085929.118,0,-56,0,911.750,32.50,0
0xf902f920,1634085929.177,0,-55,0,904.750,32.50,0
0xf902f920,1634085929.234,0,-55,0,904.750,32.50,0
0xf902f920,1634085929.290,0,-55,0,904.750,32.50,0
0xf902f920,1634085929.340,0,-55,0,904.750,32.50,0
0xf902f920,1634085929.357,0,-56,0,914.750,32.50,0
0xf902f920,1634085929.410,0,-56,0,914.750,32.50,0
0xf902f920,1634085929.465,0,-56,0,914.750,32.50,0
0xf902f920,1634085929.520,0,-56,0,914.750,32.50,0
0xf902f920,1634085929.573,0,-55,0,908.250,32.50,0
0xf902f920,1634085929.626,0,-55,0,908.250,32.50,0
0xf902f920,1634085929.680,0,-55,0,908.250,32.50,0
0xf902f920,1634085929.733,0,-55,0,908.250,32.50,0
0xf902f920,1634085929.786,0,-55,0,909.750,32.50,0
0xf902f920,1634085929.839,0,-55,0,909.750,32.50,0
0xf902f920,1634085929.892,0,-55,0,909.750,32.50,0
0xf902f920,1634085929.945,0,-55,0,909.750,32.50,0
0xf902f920,1634085930.000,0,-56,0,915.750,32.50,0
0xf902f920,1634085930.053,0,-56,0,915.750,32.50,0
0xf902f920,1634085930.106,0,-56,0,915.750,32.50,0
0xf902f920,1634085930.159,0,-56,0,915.750,32.50,0
0xf902f920,1634085930.212,0,-56,0,912.750,32.50,0
0xf902f920,1634085930.268,0,-56,0,912.750,32.50,0
0xf902f920,1634085930.321,0,-56,0,912.750,32.50,0
0xf902f920,1634085930.374,0,-56,0,912.750,32.50,0
0xf902f920,1634085930.428,0,-55,0,909.250,32.50,0
0xf902f920,1634085930.481,0,-55,0,909.250,32.50,0
0xf902f920,1634085930.535,0,-55,0,909.250,32.50,0
0xf902f920,1634085930.589,0,-55,0,909.250,32.50,0
0xf902f920,1634085930.645,0,-55,0,903.250,32.50,0
0xf902f920,1634085930.701,0,-55,0,903.250,32.50,0
0xf902f920,1634085930.756,0,-55,0,903.250,32.50,0
0xf902f920,1634085930.810,0,-55,0,903.250,32.50,0
0xf902f920,1634085930.863,0,-56,0,917.250,32.50,0
0xf902f920,1634085930.916,0,-56,0,917.250,32.50,0
0xf902f920,1634085930.969,0,-56,0,917.250,32.50,0
0xf902f920,1634085931.023,0,-56,0,917.250,32.50,0
0xf902f920,1634085931.076,0,-56,0,920.250,32.50,0
0xf902f920,1634085931.129,0,-56,0,920.250,32.50,0
0xf902f920,1634085931.184,0,-56,0,920.250,32.50,0
0xf902f920,1634085931.238,0,-56,0,920.250,32.50,0
0xf902f920,1634085931.290,0,-57,0,921.750,32.50,0
0xf902f920,1634085931.346,0,-57,0,921.750,32.50,0
0xf902f920,1634085931.399,0,-57,0,921.750,32.50,0
0xf902f920,1634085931.451,0,-57,0,921.750,32.50,0
0xf902f920,1634085931.504,0,-55,0,905.750,32.50,0
0xf902f920,1634085931.557,0,-55,0,905.750,32.50,0
0xf902f920,1634085931.609,0,-55,0,905.750,32.50,0
0xf902f920,1634085931.663,0,-55,0,905.750,32.50,0
0xf902f920,1634085931.716,0,-57,0,927.250,32.50,0
0xf902f920,1634085931.768,0,-57,0,927.250,32.50,0
0xf902f920,1634085931.821,0,-57,0,927.250,32.50,0
0xf902f920,1634085931.874,0,-57,0,927.250,32.50,0
0xf902f920,1634085931.926,0,-57,0,924.750,32.50,0
0xf902f920,1634085931.980,0,-57,0,924.750,32.50,0
0xf902f920,1634085932.033,0,-57,0,924.750,32.50,0
0xf902f920,1634085932.086,0,-57,0,924.750,32.50,0
0xf902f920,1634085932.138,0,-55,0,906.250,32.50,0
0xf902f920,1634085932.194,0,-55,0,906.250,32.50,0
0xf902f920,1634085932.247,0,-55,0,906.250,32.50,0
0xf902f920,1634085932.299,0,-55,0,906.250,32.50,0
0xf902f920,1634085932.352,0,-55,0,910.250,32.50,0
0xf902f920,1634085932.405,0,-55,0,910.250,32.50,0
0xf902f920,1634085932.459,0,-56,0,910.250,32.50,0
0xf902f920,1634085932.513,0,-55,0,910.250,32.50,0
0xf902f920,1634085932.566,0,-56,0,915.250,32.50,0
0xf902f920,1634085932.620,0,-56,0,915.250,32.50,0
0xf902f920,1634085932.674,0,-56,0,915.250,32.50,0
0xf902f920,1634085932.726,0,-56,0,915.250,32.50,0
0xf902f920,1634085932.783,0,-55,0,904.250,32.50,0
0xf902f920,1634085932.839,0,-55,0,904.250,32.50,0
0xf902f920,1634085932.895,0,-55,0,904.250,32.50,0
0xf902f920,1634085932.952,0,-55,0,904.250,32.50,0
0xf902f920,1634085933.004,0,-56,0,918.750,32.50,0
0xf902f920,1634085933.059,0,-56,0,918.750,32.50,0
0xf902f920,1634085933.114,0,-56,0,918.750,32.50,0
0xf902f920,1634085933.166,0,-56,0,918.750,32.50,0
0xf902f920,1634085933.219,0,-56,0,913.250,32.50,0
0xf902f920,1634085933.272,0,-56,0,913.250,32.50,0
0xf902f920,1634085933.325,0,-56,0,913.250,32.50,0
0xf902f920,1634085933.379,0,-56,0,913.250,32.50,0
0xf902f920,1634085933.432,0,-55,0,905.250,32.50,0
0xf902f920,1634085933.485,0,-55,0,905.250,32.50,0
0xf902f920,1634085933.538,0,-56,0,905.250,32.50,0
0xf902f920,1634085933.591,0,-56,0,905.250,32.50,0
0xf902f920,1634085933.644,0,-57,0,922.250,32.50,0
0xf902f920,1634085933.697,0,-56,0,922.250,32.50,0
0xf902f920,1634085933.749,0,-56,0,922.250,32.50,0
0xf902f920,1634085933.802,0,-56,0,922.250,32.50,0
0xf902f920,1634085933.855,0,-56,0,919.750,32.50,0
0xf902f920,1634085933.908,0,-57,0,919.750,32.50,0
0xf902f920,1634085933.962,0,-57,0,919.750,32.50,0
0xf902f920,1634085934.014,0,-57,0,919.750,32.50,0
0xf902f920,1634085934.068,0,-56,0,907.750,32.50,0
0xf902f920,1634085934.121,0,-56,0,907.750,32.50,0
0xf902f920,1634085934.174,0,-56,0,907.750,32.50,0
0xf902f920,1634085934.227,0,-56,0,907.750,32.50,0
0xf902f920,1634085934.281,0,-56,0,912.250,32.50,0
0xf902f920,1634085934.335,0,-57,0,912.250,32.50,0
0xf902f920,1634085934.388,0,-57,0,912.250,32.50,0
0xf902f920,1634085934.441,0,-57,0,912.250,32.50,0
0xf902f920,1634085934.497,0,-58,0,926.250,32.50,0
0xf902f920,1634085934.549,0,-58,0,926.250,32.50,0
0xf902f920,1634085934.603,0,-58,0,926.250,32.50,0
0xf902f920,1634085934.656,0,-58,0,926.250,32.50,0
0xf902f920,1634085934.710,0,-57,0,921.250,32.50,0
0xf902f920,1634085934.762,0,-57,0,921.250,32.50,0
0xf902f920,1634085934.815,0,-57,0,921.250,32.50,0
0xf902f920,1634085934.868,0,-57,0,921.250,32.50,0
0xf902f920,1634085934.921,0,-56,0,907.250,32.50,0
0xf902f920,1634085934.974,0,-56,0,907.250,32.50,0
0xf902f920,1634085935.026,0,-56,0,907.250,32.50,0
0xf902f920,1634085935.083,0,-56,0,907.250,32.50,0
0xf902f920,1634085935.136,0,-57,0,917.750,32.50,0
0xf902f920,1634085935.188,0,-57,0,917.750,32.50,0
0xf902f920,1634085935.241,0,-57,0,917.750,32.50,0
0xf902f920,1634085935.294,0,-57,0,917.750,32.50,0
0xf902f920,1634085935.346,0,-57,0,916.750,32.50,0
0xf902f920,1634085935.400,0,-57,0,916.750,32.50,0
0xf902f920,1634085935.455,0,-57,0,916.750,32.50,0
0xf902f920,1634085935.508,0,-57,0,916.750,32.50,0
0xf902f920,1634085935.562,0,-57,0,922.750,32.50,0
0xf902f920,1634085935.616,0,-57,0,922.750,32.50,0
0xf902f920,1634085935.672,0,-57,0,922.750,32.50,0
0xf902f920,1634085935.725,0,-57,0,922.750,32.50,0
0xf902f920,1634085935.782,0,-56,0,903.750,32.50,0
0xf902f920,1634085935.839,0,-56,0,903.750,32.50,0
0xf902f920,1634085935.898,0,-56,0,903.750,32.50,0
0xf902f920,1634085935.951,0,-56,0,903.750,32.50,0
0xf902f920,1634085935.969,0,-57,0,916.250,32.50,0
0xf902f920,1634085936.021,0,-57,0,916.250,32.50,0
0xf902f920,1634085936.074,0,-57,0,916.250,32.50,0
0xf902f920,1634085936.127,0,-57,0,916.250,32.50,0
0xf902f920,1634085936.186,0,-57,0,919.250,32.50,0
0xf902f920,1634085936.241,0,-57,0,919.250,32.50,0
0xf902f920,1634085936.293,0,-57,0,919.250,32.50,0
0xf902f920,1634085936.346,0,-57,0,919.250,32.50,0
0xf902f920,1634085936.399,0,-57,0,923.250,32.50,0
0xf902f920,1634085936.452,0,-57,0,923.250,32.50,0
0xf902f920,1634085936.505,0,-57,0,923.250,32.50,0
0xf902f920,1634085936.559,0,-57,0,923.250,32.50,0
0xf902f920,1634085936.612,0,-57,0,913.750,32.50,0
0xf902f920,1634085936.666,0,-57,0,913.750,32.50,0
0xf902f920,1634085936.718,0,-57,0,913.750,32.50,0
0xf902f920,1634085936.772,0,-57,0,913.750,32.50,0
0xf902f920,1634085936.825,0,-57,0,924.250,32.50,0
0xf902f920,1634085936.880,0,-57,0,924.250,32.50,0
0xf902f920,1634085936.933,0,-57,0,924.250,32.50,0
0xf902f920,1634085936.986,0,-57,0,924.250,32.50,0
0xf902f920,1634085937.039,0,-57,0,925.250,32.50,0
0xf902f920,1634085937.092,0,-57,0,925.250,32.50,0
0xf902f920,1634085937.145,0,-57,0,925.250,32.50,0
0xf902f920,1634085937.198,0,-57,0,925.250,32.50,0
0xf902f920,1634085937.260,0,-56,0,902.750,32.50,0
0xf902f920,1634085937.314,0,-56,0,902.750,32.50,0
0xf902f920,1634085937.369,0,-56,0,902.750,32.50,0
0xf902f920,1634085937.425,0,-56,0,902.750,32.50,0
0xf902f920,1634085937.440,0,-56,0,910.750,32.50,0
0xf902f920,1634085937.492,0,-56,0,910.750,32.50,0
0xf902f920,1634085937.548,0,-56,0,910.750,32.50,0
0xf902f920,1634085937.602,0,-56,0,910.750,32.50,0
0xf902f920,1634085937.662,0,-57,0,918.250,32.50,0
0xf902f920,1634085937.717,0,-57,0,918.250,32.50,0
0xf902f920,1634085937.770,0,-57,0,918.250,32.50,0
0xf902f920,1634085937.823,0,-57,0,918.250,32.50,0
0xf902f920,1634085937.876,0,-56,0,908.750,32.50,0
0xf902f920,1634085937.929,0,-56,0,908.750,32.50,0
0xf902f920,1634085937.983,0,-56,0,908.750,32.50,0
0xf902f920,1634085938.035,0,-56,0,908.750,32.50,0
0xf902f920,1634085938.089,0,-57,0,923.750,32.50,0
0xf902f920,1634085938.141,0,-57,0,923.750,32.50,0
0xf902f920,1634085938.194,0,-57,0,923.750,32.50,0
0xf902f920,1634085938.248,0,-57,0,923.750,32.50,0
0xf902f920,1634085938.302,0,-57,0,911.250,32.50,0
0xf902f920,1634085938.355,0,-57,0,911.250,32.50,0
0xf902f920,1634085938.408,0,-57,0,911.250,32.50,0
0xf902f920,1634085938.463,0,-57,0,911.250,32.50,0
0xf902f920,1634085938.516,0,-58,0,925.750,32.50,0
0xf902f920,1634085938.569,0,-58,0,925.750,32.50,0
0xf902f920,1634085938.621,0,-58,0,925.750,32.50,0
0xf902f920,1634085938.674,0,-58,0,925.750,32.50,0
0xf902f920,1634085938.727,0,-56,0,906.750,32.50,0
0xf902f920,1634085938.781,0,-56,0,906.750,32.50,0
0xf902f920,1634085938.833,0,-56,0,906.750,32.50,0
0xf902f920,1634085938.887,0,-56,0,906.750,32.50,0
0xf902f920,1634085938.940,0,-58,0,926.750,32.50,0
0xf902f920,1634085938.993,0,-58,0,926.750,32.50,0
0xf902f920,1634085939.045,0,-58,0,926.750,32.50,0
0xf902f920,1634085939.099,0,-58,0,926.750,32.50,0
0xf902f920,1634085939.152,0,-57,0,920.750,32.50,0
0xf902f920,1634085939.208,0,-57,0,920.750,32.50,0
0xf902f920,1634085939.261,0,-57,0,920.750,32.50,0
0xf902f920,1634085939.314,0,-57,0,920.750,32.50,0
0xf902f920,1634085939.368,0,-57,0,914.250,32.50,0
0xf902f920,1634085939.421,0,-57,0,914.250,32.50,0
0xf902f920,1634085939.474,0,-57,0,914.250,32.50,0
0xf902f920,1634085939.527,0,-57,0,914.250,32.50,0
0xf902f920,1634085939.582,0,-57,0,911.750,32.50,0
0xf902f920,1634085939.635,0,-57,0,911.750,32.50,0
0xf902f920,1634085939.688,0,-57,0,911.750,32.50,0
0xf902f920,1634085939.741,0,-57,0,911.750,32.50,0
0xf902f920,1634085939.794,0,-56,0,904.750,32.50,0
0xf902f920,1634085939.848,0,-56,0,904.750,32.50,0
0xf902f920,1634085939.902,0,-56,0,904.750,32.50,0
0xf902f920,1634085939.956,0,-56,0,904.750,32.50,0
0xf902f920,1634085940.009,0,-57,0,914.750,32.50,0
0xf902f920,1634085940.062,0,-57,0,914.750,32.50,0
0xf902f920,1634085940.117,0,-57,0,914.750,32.50,0
0xf902f920,1634085940.170,0,-57,0,914.750,32.50,0
0xf902f920,1634085940.224,0,-56,0,908.250,32.50,0
0xf902f920,1634085940.280,0,-56,0,908.250,32.50,0
0xf902f920,1634085940.333,0,-56,0,908.250,32.50,0
0xf902f920,1634085940.385,0,-56,0,908.250,32.50,0
0xf902f920,1634085940.439,0,-56,0,909.750,32.50,0
0xf902f920,1634085940.492,0,-56,0,909.750,32.50,0
0xf902f920,1634085940.548,0,-56,0,909.750,32.50,0
0xf902f920,1634085940.602,0,-56,0,909.750,32.50,0
0xf902f920,1634085940.656,0,-57,0,915.750,32.50,0
0xf902f920,1634085940.710,0,-57,0,915.750,32.50,0
0xf902f920,1634085940.763,0,-57,0,915.750,32.50,0
0xf902f920,1634085940.818,0,-57,0,915.750,32.50,0
0xf902f920,1634085940.871,0,-57,0,912.750,32.50,0
0xf902f920,1634085940.924,0,-57,0,912.750,32.50,0
0xf902f920,1634085940.976,0,-57,0,912.750,32.50,0
0xf902f920,1634085941.032,0,-57,0,912.750,32.50,0
0xf902f920,1634085941.085,0,-56,0,909.250,32.50,0
0xf902f920,1634085941.139,0,-56,0,909.250,32.50,0
0xf902f920,1634085941.193,0,-56,0,909.250,32.50,0
0xf902f920,1634085941.245,0,-56,0,909.250,32.50,0
0xf902f920,1634085941.304,0,-56,0,903.250,32.50,0
0xf902f920,1634085941.360,0,-56,0,903.250,32.50,0
0xf902f920,1634085941.418,0,-56,0,903.250,32.50,0
0xf902f920,1634085941.472,0,-56,0,903.250,32.50,0
0xf902f920,1634085941.487,0,-57,0,917.250,32.50,0
0xf902f920,1634085941.542,0,-57,0,917.250,32.50,0
0xf902f920,1634085941.595,0,-57,0,917.250,32.50,0
0xf902f920,1634085941.648,0,-57,0,917.250,32.50,0
0xf902f920,1634085941.701,0,-57,0,920.250,32.50,0
0xf902f920,1634085941.754,0,-57,0,920.250,32.50,0
0xf902f920,1634085941.807,0,-57,0,920.250,32.50,0
0xf902f920,1634085941.861,0,-57,0,920.250,32.50,0
0xf902f920,1634085941.914,0,-57,0,921.750,32.50,0
0xf902f920,1634085941.967,0,-57,0,921.750,32.50,0
0xf902f920,1634085942.023,0,-57,0,921.750,32.50,0
0xf902f920,1634085942.077,0,-57,0,921.750,32.50,0
0xf902f920,1634085942.130,0,-56,0,905.750,32.50,0
0xf902f920,1634085942.184,0,-56,0,905.750,32.50,0
0xf902f920,1634085942.237,0,-56,0,905.750,32.50,0
0xf902f920,1634085942.290,0,-56,0,905.750,32.50,0
0xf902f920,1634085942.343,0,-57,0,927.250,32.50,0
0xf902f920,1634085942.398,0,-58,0,927.250,32.50,0
0xf902f920,1634085942.451,0,-58,0,927.250,32.50,0
0xf902f920,1634085942.503,0,-58,0,927.250,32.50,0
0xf902f920,1634085942.557,0,-57,0,924.750,32.50,0
0xf902f920,1634085942.610,0,-57,0,924.750,32.50,0
0xf902f920,1634085942.663,0,-57,0,924.750,32.50,0
0xf902f920,1634085942.715,0,-57,0,924.750,32.50,0
0xf902f920,1634085942.769,0,-56,0,906.250,32.50,0
0xf902f920,1634085942.822,0,-56,0,906.250,32.50,0
0xf902f920,1634085942.876,0,-56,0,906.250,32.50,0
0xf902f920,1634085942.929,0,-56,0,906.250,32.50,0
0xf902f920,1634085942.983,0,-56,0,910.250,32.50,0
0xf902f920,1634085943.037,0,-56,0,910.250,32.50,0
0xf902f920,1634085943.091,0,-56,0,910.250,32.50,0
0xf902f920,1634085943.145,0,-56,0,910.250,32.50,0
0xf902f920,1634085943.198,0,-57,0,915.250,32.50,0
0xf902f920,1634085943.254,0,-57,0,915.250,32.50,0
0xf902f920,1634085943.306,0,-57,0,915.250,32.50,0
0xf902f920,1634085943.360,0,-57,0,915.250,32.50,0
0xf902f920,1634085943.413,0,-56,0,904.250,32.50,0
0xf902f920,1634085943.466,0,-56,0,904.250,32.50,0
0xf902f920,1634085943.522,0,-56,0,904.250,32.50,0
0xf902f920,1634085943.575,0,-56,0,904.250,32.50,0
0xf902f920,1634085943.629,0,-57,0,918.750,32.50,0
0xf902f920,1634085943.682,0,-57,0,918.750,32.50,0
0xf902f920,1634085943.734,0,-57,0,918.750,32.50,0
0xf902f920,1634085943.787,0,-57,0,918.750,32.50,0
0xf902f920,1634085943.841,0,-57,0,913.250,32.50,0
0xf902f920,1634085943.893,0,-57,0,913.250,32.50,0
0xf902f920,1634085943.946,0,-57,0,913.250,32.50,0
0xf902f920,1634085943.999,0,-57,0,913.250,32.50,0
0xf902f920,1634085944.051,0,-56,0,905.250,32.50,0
0xf902f920,1634085944.105,0,-56,0,905.250,32.50,0
0xf902f920,1634085944.158,0,-56,0,905.250,32.50,0
0xf902f920,1634085944.212,0,-56,0,905.250,32.50,0
0xf902f920,1634085944.265,0,-57,0,922.250,32.50,0
0xf902f920,1634085944.318,0,-57,0,922.250,32.50,0
0xf902f920,1634085944.371,0,-57,0,922.250,32.50,0
0xf902f920,1634085944.427,0,-57,0,922.250,32.50,0
0xf902f920,1634085944.479,0,-57,0,919.750,32.50,0
0xf902f920,1634085944.532,0,-57,0,919.750,32.50,0
0xf902f920,1634085944.585,0,-57,0,919.750,32.50,0
0xf902f920,1634085944.638,0,-57,0,919.750,32.50,0
0xf902f920,1634085944.697,0,-56,0,907.750,32.50,0
0xf902f920,1634085944.753,0,-56,0,907.750,32.50,0
0xf902f920,1634085944.806,0,-56,0,907.750,32.50,0
0xf902f920,1634085944.859,0,-56,0,907.750,32.50,0
0xf902f920,1634085944.873,0,-57,0,912.250,32.50,0
0xf902f920,1634085944.927,0,-57,0,912.250,32.50,0
0xf902f920,1634085944.982,0,-57,0,912.250,32.50,0
0xf902f920,1634085945.035,0,-57,0,912.250,32.50,0
0xf902f920,1634085945.094,0,-57,0,926.250,32.50,0
0xf902f920,1634085945.148,0,-57,0,926.250,32.50,0
0xf902f920,1634085945.202,0,-58,0,926.250,32.50,0
0xf902f920,1634085945.255,0,-58,0,926.250,32.50,0
0xf902f920,1634085945.307,0,-57,0,921.250,32.50,0
0xf902f920,1634085945.362,0,-57,0,921.250,32.50,0
0xf902f920,1634085945.416,0,-57,0,921.250,32.50,0
0xf902f920,1634085945.471,0,-57,0,921.250,32.50,0
0xf902f920,1634085945.524,0,-56,0,907.250,32.50,0
0xf902f920,1634085945.577,0,-56,0,907.250,32.50,0
0xf902f920,1634085945.630,0,-56,0,907.250,32.50,0
0xf902f920,1634085945.682,0,-56,0,907.250,32.50,0
0xf902f920,1634085945.735,0,-57,0,917.750,32.50,0
0xf902f920,1634085945.788,0,-57,0,917.750,32.50,0
0xf902f920,1634085945.844,0,-57,0,917.750,32.50,0
0xf902f920,1634085945.896,0,-57,0,917.750,32.50,0
0xf902f920,1634085945.949,0,-57,0,916.750,32.50,0
0xf902f920,1634085946.002,0,-57,0,916.750,32.50,0
0xf902f920,1634085946.055,0,-57,0,916.750,32.50,0
0xf902f920,1634085946.108,0,-57,0,916.750,32.50,0
0xf902f920,1634085946.162,0,-57,0,922.750,32.50,0
0xf902f920,1634085946.215,0,-57,0,922.750,32.50,0
0xf902f920,1634085946.269,0,-57,0,922.750,32.50,0
0xf902f920,1634085946.321,0,-57,0,922.750,32.50,0
0xf902f920,1634085946.378,0,-56,0,903.750,32.50,0
0xf902f920,1634085946.435,0,-56,0,903.750,32.50,0
0xf902f920,1634085946.492,0,-56,0,903.750,32.50,0
0xf902f920,1634085946.547,0,-56,0,903.750,32.50,0
0xf902f920,1634085946.562,0,-57,0,916.250,32.50,0
0xf902f920,1634085946.616,0,-57,0,916.250,32.50,0
0xf902f920,1634085946.669,0,-57,0,916.250,32.50,0
0xf902f920,1634085946.722,0,-57,0,916.250,32.50,0
0xf902f920,1634085946.781,0,-57,0,919.250,32.50,0
0xf902f920,1634085946.834,0,-57,0,919.250,32.50,0
0xf902f920,1634085946.888,0,-57,0,919.250,32.50,0
0xf902f920,1634085946.941,0,-57,0,919.250,32.50,0
0xf902f920,1634085946.994,0,-57,0,923.250,32.50,0
0xf902f920,1634085947.047,0,-57,0,923.250,32.50,0
0xf902f920,1634085947.099,0,-57,0,923.250,32.50,0
0xf902f920,1634085947.153,0,-57,0,923.250,32.50,0
0xf902f920,1634085947.208,0,-57,0,913.750,32.50,0
0xf902f920,1634085947.261,0,-57,0,913.750,32.50,0
0xf902f920,1634085947.314,0,-57,0,913.750,32.50,0
0xf902f920,1634085947.369,0,-57,0,913.750,32.50,0
0xf902f920,1634085947.422,0,-58,0,924.250,32.50,0
0xf902f920,1634085947.476,0,-58,0,924.250,32.50,0
0xf902f920,1634085947.528,0,-58,0,924.250,32.50,0
0xf902f920,1634085947.582,0,-58,0,924.250,32.50,0
0xf902f920,1634085947.635,0,-58,0,925.250,32.50,0
0xf902f920,1634085947.687,0,-58,0,925.250,32.50,0
0xf902f920,1634085947.740,0,-58,0,925.250,32.50,0
0xf902f920,1634085947.794,0,-57,0,925.250,32.50,0
0xf902f920,1634085947.850,0,-56,0,902.750,32.50,0
0xf902f920,1634085947.908,0,-56,0,902.750,32.50,0
0xf902f920,1634085947.961,0,-56,0,902.750,32.50,0
0xf902f920,1634085948.016,0,-56,0,902.750,32.50,0
0xf902f920,1634085948.069,0,-57,0,910.750,32.50,0
0xf902f920,1634085948.125,0,-57,0,910.750,32.50,0
0xf902f920,1634085948.178,0,-57,0,910.750,32.50,0
0xf902f920,1634085948.232,0,-57,0,910.750,32.50,0
0xf902f920,1634085948.286,0,-57,0,918.250,32.50,0
0xf902f920,1634085948.339,0,-57,0,918.250,32.50,0
0xf902f920,1634085948.392,0,-57,0,918.250,32.50,0
0xf902f920,1634085948.448,0,-58,0,918.250,32.50,0
0xf902f920,1634085948.507,0,-56,0,908.750,32.50,0
0xf902f920,1634085948.563,0,-56,0,908.750,32.50,0
0xf902f920,1634085948.621,0,-56,0,908.750,32.50,0
0xf902f920,1634085948.674,0,-56,0,908.750,32.50,0
0xf902f920,1634085948.695,0,-57,0,923.750,32.50,0
0xf902f920,1634085948.749,0,-57,0,923.750,32.50,0
0xf902f920,1634085948.803,0,-58,0,923.750,32.50,0
0xf902f920,1634085948.855,0,-57,0,923.750,32.50,0
0xf902f920,1634085948.908,0,-57,0,911.250,32.50,0
0xf902f920,1634085948.961,0,-57,0,911.250,32.50,0
0xf902f920,1634085949.014,0,-57,0,911.250,32.50,0
0xf902f920,1634085949.068,0,-57,0,911.250,32.50,0
0xf902f920,1634085949.121,0,-58,0,925.750,32.50,0
0xf902f920,1634085949.174,0,-58,0,925.750,32.50,0
0xf902f920,1634085949.227,0,-58,0,925.750,32.50,0
0xf902f920,1634085949.280,0,-58,0,925.750,32.50,0
0xf902f920,1634085949.334,0,-56,0,906.750,32.50,0
0xf902f920,1634085949.388,0,-56,0,906.750,32.50,0
0xf902f920,1634085949.441,0,-56,0,906.750,32.50,0
0xf902f920,1634085949.496,0,-56,0,906.750,32.50,0
0xf902f920,1634085949.549,0,-58,0,926.750,32.50,0
0xf902f920,1634085949.601,0,-58,0,926.750,32.50,0
0xf902f920,1634085949.654,0,-58,0,926.750,32.50,0
0xf902f920,1634085949.707,0,-58,0,926.750,32.50,0
0xf902f920,1634085949.761,0,-57,0,920.750,32.50,0
0xf902f920,1634085949.816,0,-57,0,920.750,32.50,0
0xf902f920,1634085949.872,0,-57,0,920.750,32.50,0
0xf902f920,1634085949.924,0,-57,0,920.750,32.50,0
0xf902f920,1634085949.977,0,-57,0,914.250,32.50,0
0xf902f920,1634085950.029,0,-57,0,914.250,32.50,0
0xf902f920,1634085950.083,0,-57,0,914.250,32.50,0
0xf902f920,1634085950.137,0,-57,0,914.250,32.50,0
0xf902f920,1634085950.189,0,-57,0,911.750,32.50,0
0xf902f920,1634085950.243,0,-57,0,911.750,32.50,0
0xf902f920,1634085950.296,0,-57,0,911.750,32.50,0
0xf902f920,1634085950.349,0,-57,0,911.750,32.50,0
0xf902f920,1634085950.407,0,-56,0,904.750,32.50,0
0xf902f920,1634085950.464,0,-56,0,904.750,32.50,0
0xf902f920,1634085950.525,0,-56,0,904.750,32.50,0
0xf902f920,1634085950.571,0,-56,0,904.750,32.50,0
0xf902f920,1634085950.589,0,-57,0,914.750,32.50,0
0xf902f920,1634085950.641,0,-57,0,914.750,32.50,0
0xf902f920,1634085950.694,0,-57,0,914.750,32.50,0
0xf902f920,1634085950.748,0,-57,0,914.750,32.50,0
0xf902f920,1634085950.802,0,-56,0,908.250,32.50,0
0xf902f920,1634085950.856,0,-56,0,908.250,32.50,0
0xf902f920,1634085950.909,0,-56,0,908.250,32.50,0
0xf902f920,1634085950.963,0,-56,0,908.250,32.50,0
0xf902f920,1634085951.016,0,-56,0,909.750,32.50,0
0xf902f920,1634085951.070,0,-56,0,909.750,32.50,0
0xf902f920,1634085951.123,0,-56,0,909.750,32.50,0
0xf902f920,1634085951.176,0,-56,0,909.750,32.50,0
0xf902f920,1634085951.229,0,-57,0,915.750,32.50,0
0xf902f920,1634085951.282,0,-57,0,915.750,32.50,0
0xf902f920,1634085951.334,0,-57,0,915.750,32.50,0
0xf902f920,1634085951.388,0,-57,0,915.750,32.50,0
0xf902f920,1634085951.442,0,-57,0,912.750,32.50,0
0xf902f920,1634085951.497,0,-57,0,912.750,32.50,0
0xf902f920,1634085951.551,0,-57,0,912.750,32.50,0
0xf902f920,1634085951.607,0,-57,0,912.750,32.50,0
0xf902f920,1634085951.664,0,-56,0,909.250,32.50,0
0xf902f920,1634085951.717,0,-56,0,909.250,32.50,0
0xf902f920,1634085951.771,0,-56,0,909.250,32.50,0
0xf902f920,1634085951.824,0,-56,0,909.250,32.50,0
0xf902f920,1634085951.881,0,-56,0,903.250,32.50,0
0xf902f920,1634085951.939,0,-56,0,903.250,32.50,0
0xf902f920,1634085951.995,0,-56,0,903.250,32.50,0
0xf902f920,1634085952.050,0,-56,0,903.250,32.50,0
0xf902f920,1634085952.064,0,-57,0,917.250,32.50,0
0xf902f920,1634085952.118,0,-57,0,917.250,32.50,0
0xf902f920,1634085952.171,0,-57,0,917.250,32.50,0
0xf902f920,1634085952.223,0,-57,0,917.250,32.50,0
0xf902f920,1634085952.284,0,-57,0,920.250,32.50,0
0xf902f920,1634085952.337,0,-57,0,920.250,32.50,0
0xf902f920,1634085952.390,0,-57,0,920.250,32.50,0
0xf902f920,1634085952.444,0,-57,0,920.250,32.50,0
0xf902f920,1634085952.497,0,-57,0,921.750,32.50,0
0xf902f920,1634085952.549,0,-57,0,921.750,32.50,0
0xf902f920,1634085952.602,0,-57,0,921.750,32.50,0
0xf902f920,1634085952.655,0,-57,0,921.750,32.50,0
0xf902f920,1634085952.714,0,-56,0,905.750,32.50,0
0xf902f920,1634085952.773,0,-56,0,905.750,32.50,0
0xf902f920,1634085952.832,0,-56,0,905.750,32.50,0
0xf902f920,1634085952.881,0,-56,0,905.750,32.50,0
0xf902f920,1634085952.906,0,-58,0,927.250,32.50,0
0xf902f920,1634085952.958,0,-58,0,927.250,32.50,0
0xf902f920,1634085953.012,0,-58,0,927.250,32.50,0
0xf902f920,1634085953.067,0,-58,0,927.250,32.50,0
0xf902f920,1634085953.122,0,-58,0,924.750,32.50,0
0xf902f920,1634085953.177,0,-58,0,924.750,32.50,0
0xf902f920,1634085953.233,0,-58,0,924.750,32.50,0
0xf902f920,1634085953.285,0,-58,0,924.750,32.50,0
0xf902f920,1634085953.342,0,-56,0,906.250,32.50,0
0xf902f920,1634085953.400,0,-56,0,906.250,32.50,0
0xf902f920,1634085953.455,0,-56,0,906.250,32.50,0
0xf902f920,1634085953.507,0,-56,0,906.250,32.50,0
0xf902f920,1634085953.522,0,-56,0,910.250,32.50,0
0xf902f920,1634085953.575,0,-56,0,910.250,32.50,0
0xf902f920,1634085953.628,0,-56,0,910.250,32.50,0
0xf902f920,1634085953.680,0,-56,0,910.250,32.50,0
0xf902f920,1634085953.733,0,-57,0,915.250,32.50,0
0xf902f920,1634085953.787,0,-57,0,915.250,32.50,0
0xf902f920,1634085953.840,0,-57,0,915.250,32.50,0
0xf902f920,1634085953.892,0,-57,0,915.250,32.50,0
0xf902f920,1634085953.946,0,-56,0,904.250,32.50,0
0xf902f920,1634085954.001,0,-56,0,904.250,32.50,0
0xf902f920,1634085954.054,0,-55,0,904.250,32.50,0
0xf902f920,1634085954.111,0,-55,0,904.250,32.50,0
0xf902f920,1634085954.164,0,-56,0,918.750,32.50,0
0xf902f920,1634085954.217,0,-56,0,918.750,32.50,0
0xf902f920,1634085954.275,0,-56,0,918.750,32.50,0
0xf902f920,1634085954.333,0,-56,0,918.750,32.50,0
0xf902f920,1634085954.358,0,-57,0,913.250,32.50,0
0xf902f920,1634085954.419,0,-57,0,913.250,32.50,0
0xf902f920,1634085954.478,0,-57,0,913.250,32.50,0
0xf902f920,1634085954.532,0,-57,0,913.250,32.50,0
0xf902f920,1634085954.556,0,-56,0,905.250,32.50,0
0xf902f920,1634085954.615,0,-56,0,905.250,32.50,0
0xf902f920,1634085954.671,0,-56,0,905.250,32.50,0
0xf902f920,1634085954.729,0,-56,0,905.250,32.50,0
0xf902f920,1634085954.792,0,-57,0,922.250,32.50,0
0xf902f920,1634085954.847,0,-57,0,922.250,32.50,0
0xf902f920,1634085954.900,0,-56,0,922.250,32.50,0
0xf902f920,1634085954.959,0,-56,0,919.750,32.50,0
0xf902f920,1634085955.012,0,-56,0,919.750,32.50,0
0xf902f920,1634085955.064,0,-56,0,919.750,32.50,0
0xf902f920,1634085955.117,0,-56,0,919.750,32.50,0
0xf902f920,1634085955.173,0,-56,0,907.750,32.50,0
0xf902f920,1634085955.226,0,-56,0,907.750,32.50,0
0xf902f920,1634085955.279,0,-56,0,907.750,32.50,0
0xf902f920,1634085955.332,0,-56,0,907.750,32.50,0
0xf902f920,1634085955.385,0,-56,0,912.250,32.50,0
0xf902f920,1634085955.440,0,-56,0,912.250,32.50,0
0xf902f920,1634085955.493,0,-56,0,912.250,32.50,0
0xf902f920,1634085955.545,0,-56,0,912.250,32.50,0
0xf902f920,1634085955.599,0,-57,0,926.250,32.50,0
0xf902f920,1634085955.655,0,-57,0,926.250,32.50,0
0xf902f920,1634085955.712,0,-57,0,926.250,32.50,0
0xf902f920,1634085955.768,0,-57,0,926.250,32.50,0
0xf902f920,1634085955.828,0,-57,0,921.250,32.50,0
0xf902f920,1634085955.881,0,-57,0,921.250,32.50,0
0xf902f920,1634085955.933,0,-57,0,921.250,32.50,0
0xf902f920,1634085955.997,0,-56,0,907.250,32.50,0
0xf902f920,1634085956.054,0,-56,0,907.250,32.50,0
0xf902f920,1634085956.107,0,-56,0,907.250,32.50,0
0xf902f920,1634085956.161,0,-56,0,907.250,32.50,0
0xf902f920,1634085956.214,0,-57,0,917.750,32.50,0
0xf902f920,1634085956.267,0,-57,0,917.750,32.50,0
0xf902f920,1634085956.320,0,-57,0,917.750,32.50,0
0xf902f920,1634085956.375,0,-57,0,917.750,32.50,0
0xf902f920,1634085956.428,0,-57,0,916.750,32.50,0
0xf902f920,1634085956.482,0,-57,0,916.750,32.50,0
0xf902f920,1634085956.534,0,-57,0,916.750,32.50,0
0xf902f920,1634085956.588,0,-57,0,916.750,32.50,0
0xf902f920,1634085956.642,0,-57,0,922.750,32.50,0
0xf902f920,1634085956.696,0,-57,0,922.750,32.50,0
0xf902f920,1634085956.750,0,-57,0,922.750,32.50,0
0xf902f920,1634085956.803,0,-57,0,922.750,32.50,0
0xf902f920,1634085956.855,0,-55,0,903.750,32.50,0
0xf902f920,1634085956.908,0,-55,0,903.750,32.50,0
0xf902f920,1634085956.964,0,-55,0,903.750,32.50,0
0xf902f920,1634085957.020,0,-55,0,903.750,32.50,0
0xf902f920,1634085957.074,0,-57,0,916.250,32.50,0
0xf902f920,1634085957.129,0,-57,0,916.250,32.50,0
0xf902f920,1634085957.182,0,-57,0,916.250,32.50,0
0xf902f920,1634085957.236,0,-57,0,916.250,32.50,0
0xf902f920,1634085957.289,0,-57,0,919.250,32.50,0
0xf902f920,1634085957.341,0,-57,0,919.250,32.50,0
0xf902f920,1634085957.397,0,-57,0,919.250,32.50,0
0xf902f920,1634085957.450,0,-57,0,919.250,32.50,0
0xf902f920,1634085957.503,0,-57,0,923.250,32.50,0
0xf902f920,1634085957.555,0,-57,0,923.250,32.50,0
0xf902f920,1634085957.609,0,-57,0,923.250,32.50,0
0xf902f920,1634085957.661,0,-57,0,923.250,32.50,0
0xf902f920,1634085957.714,0,-56,0,913.750,32.50,0
0xf902f920,1634085957.769,0,-56,0,913.750,32.50,0
0xf902f920,1634085957.821,0,-56,0,913.750,32.50,0
0xf902f920,1634085957.874,0,-56,0,913.750,32.50,0
0xf902f920,1634085957.929,0,-57,0,924.250,32.50,0
0xf902f920,1634085957.983,0,-57,0,924.250,32.50,0
0xf902f920,1634085958.036,0,-57,0,924.250,32.50,0
0xf902f920,1634085958.089,0,-57,0,924.250,32.50,0
0xf902f920,1634085958.142,0,-57,0,925.250,32.50,0
0xf902f920,1634085958.197,0,-57,0,925.250,32.50,0
0xf902f920,1634085958.250,0,-57,0,925.250,32.50,0
0xf902f920,1634085958.303,0,-57,0,925.250,32.50,0
0xf902f920,1634085958.356,0,-55,0,902.750,32.50,0
0xf902f920,1634085958.409,0,-55,0,902.750,32.50,0
0xf902f920,1634085958.462,0,-55,0,902.750,32.50,0
0xf902f920,1634085958.515,0,-55,0,902.750,32.50,0
0xf902f920,1634085958.570,0,-56,0,910.750,32.50,0
0xf902f920,1634085958.623,0,-56,0,910.750,32.50,0
0xf902f920,1634085958.680,0,-56,0,910.750,32.50,0
0xf902f920,1634085958.736,0,-56,0,910.750,32.50,0
0xf902f920,1634085958.790,0,-57,0,918.250,32.50,0
0xf902f920,1634085958.843,0,-57,0,918.250,32.50,0
0xf902f920,1634085958.897,0,-57,0,918.250,32.50,0
0xf902f920,1634085958.949,0,-57,0,918.250,32.50,0
0xf902f920,1634085959.006,0,-56,0,908.750,32.50,0
0xf902f920,1634085959.058,0,-56,0,908.750,32.50,0
0xf902f920,1634085959.113,0,-56,0,908.750,32.50,0
0xf902f920,1634085959.168,0,-56,0,908.750,32.50,0
0xf902f920,1634085959.220,0,-57,0,923.750,32.50,0
0xf902f920,1634085959.274,0,-57,0,923.750,32.50,0
0xf902f920,1634085959.327,0,-57,0,923.750,32.50,0
0xf902f920,1634085959.379,0,-57,0,923.750,32.50,0
0xf902f920,1634085959.435,0,-56,0,911.250,32.50,0
0xf902f920,1634085959.499,0,-56,0,911.250,32.50,0
0xf902f920,1634085959.554,0,-56,0,911.250,32.50,0
0xf902f920,1634085959.601,0,-56,0,911.250,32.50,0
0xf902f920,1634085959.621,0,-57,0,925.750,32.50,0
0xf902f920,1634085959.674,0,-57,0,925.750,32.50,0
0xf902f920,1634085959.727,0,-57,0,925.750,32.50,0
0xf902f920,1634085959.781,0,-57,0,925.750,32.50,0
0xf902f920,1634085959.834,0,-56,0,906.750,32.50,0
0xf902f920,1634085959.888,0,-56,0,906.750,32.50,0
0xf902f920,1634085959.942,0,-56,0,906.750,32.50,0
0xf902f920,1634085959.996,0,-56,0,906.750,32.50,0
0xf902f920,1634085960.053,0,-57,0,926.750,32.50,0
0xf902f920,1634085960.112,0,-57,0,926.750,32.50,0
0xf902f920,1634085960.173,0,-57,0,926.750,32.50,0
0xf902f920,1634085960.241,0,-57,0,920.750,32.50,0
0xf902f920,1634085960.293,0,-57,0,920.750,32.50,0
0xf902f920,1634085960.347,0,-57,0,920.750,32.50,0
0xf902f920,1634085960.399,0,-56,0,920.750,32.50,0
0xf902f920,1634085960.453,0,-57,0,914.250,32.50,0
0xf902f920,1634085960.507,0,-57,0,914.250,32.50,0
0xf902f920,1634085960.560,0,-57,0,914.250,32.50,0
0xf902f920,1634085960.613,0,-57,0,914.250,32.50,0
0xf902f920,1634085960.669,0,-56,0,911.750,32.50,0
0xf902f920,1634085960.726,0,-56,0,911.750,32.50,0
0xf902f920,1634085960.782,0,-56,0,911.750,32.50,0
0xf902f920,1634085960.837,0,-56,0,911.750,32.50,0
0xf902f920,1634085960.896,0,-55,0,904.750,32.50,0
0xf902f920,1634085960.949,0,-55,0,904.750,32.50,0
0xf902f920,1634085961.002,0,-55,0,904.750,32.50,0
0xf902f920,1634085961.041,0,-55,0,904.750,32.50,0
0xf902f920,1634085961.065,0,-57,0,914.750,32.50,0
0xf902f920,1634085961.118,0,-57,0,914.750,32.50,0
0xf902f920,1634085961.172,0,-57,0,914.750,32.50,0
0xf902f920,1634085961.225,0,-57,0,914.750,32.50,0
0xf902f920,1634085961.279,0,-56,0,908.250,32.50,0
0xf902f920,1634085961.331,0,-56,0,908.250,32.50,0
0xf902f920,1634085961.387,0,-56,0,908.250,32.50,0
0xf902f920,1634085961.440,0,-56,0,908.250,32.50,0
0xf902f920,1634085961.498,0,-56,0,909.750,32.50,0
0xf902f920,1634085961.554,0,-56,0,909.750,32.50,0
0xf902f920,1634085961.611,0,-56,0,909.750,32.50,0
0xf902f920,1634085961.666,0,-56,0,909.750,32.50,0
0xf902f920,1634085961.681,0,-57,0,915.750,32.50,0
0xf902f920,1634085961.734,0,-57,0,915.750,32.50,0
0xf902f920,1634085961.789,0,-57,0,915.750,32.50,0
0xf902f920,1634085961.843,0,-57,0,915.750,32.50,0
0xf902f920,1634085961.898,0,-56,0,912.750,32.50,0
0xf902f920,1634085961.954,0,-56,0,912.750,32.50,0
0xf902f920,1634085962.009,0,-56,0,912.750,32.50,0
0xf902f920,1634085962.064,0,-56,0,912.750,32.50,0
0xf902f920,1634085962.082,0,-56,0,909.250,32.50,0
0xf902f920,1634085962.138,0,-56,0,909.250,32.50,0
0xf902f920,1634085962.194,0,-56,0,909.250,32.50,0
0xf902f920,1634085962.250,0,-56,0,909.250,32.50,0
0xf902f920,1634085962.305,0,-55,0,903.250,32.50,0
0xf902f920,1634085962.360,0,-55,0,903.250,32.50,0
0xf902f920,1634085962.416,0,-55,0,903.250,32.50,0
0xf902f920,1634085962.475,0,-55,0,903.250,32.50,0
0xf902f920,1634085962.490,0,-57,0,917.250,32.50,0
0xf902f920,1634085962.543,0,-57,0,917.250,32.50,0
0xf902f920,1634085962.596,0,-57,0,917.250,32.50,0
0xf902f920,1634085962.649,0,-57,0,917.250,32.50,0
0xf902f920,1634085962.709,0,-57,0,920.250,32.50,0
0xf902f920,1634085962.763,0,-57,0,920.250,32.50,0
0xf902f920,1634085962.816,0,-56,0,920.250,32.50,0
0xf902f920,1634085962.869,0,-56,0,920.250,32.50,0
0xf902f920,1634085962.921,0,-57,0,921.750,32.50,0
0xf902f920,1634085962.974,0,-57,0,921.750,32.50,0
0xf902f920,1634085963.027,0,-57,0,921.750,32.50,0
0xf902f920,1634085963.080,0,-56,0,921.750,32.50,0
0xf902f920,1634085963.134,0,-55,0,905.750,32.50,0
0xf902f920,1634085963.191,0,-55,0,905.750,32.50,0
0xf902f920,1634085963.245,0,-55,0,905.750,32.50,0
0xf902f920,1634085963.298,0,-56,0,905.750,32.50,0
0xf902f920,1634085963.352,0,-57,0,927.250,32.50,0
0xf902f920,1634085963.407,0,-57,0,927.250,32.50,0
0xf902f920,1634085963.460,0,-57,0,927.250,32.50,0
0xf902f920,1634085963.513,0,-57,0,927.250,32.50,0
0xf902f920,1634085963.566,0,-57,0,924.750,32.50,0
0xf902f920,1634085963.620,0,-57,0,924.750,32.50,0
0xf902f920,1634085963.673,0,-57,0,924.750,32.50,0
0xf902f920,1634085963.725,0,-57,0,924.750,32.50,0
0xf902f920,1634085963.782,0,-55,0,906.250,32.50,0
0xf902f920,1634085963.836,0,-55,0,906.250,32.50,0
0xf902f920,1634085963.896,0,-55,0,906.250,32.50,0
0xf902f920,1634085963.949,0,-55,0,906.250,32.50,0
0xf902f920,1634085964.006,0,-56,0,910.250,32.50,0
0xf902f920,1634085964.061,0,-56,0,910.250,32.50,0
0xf902f920,1634085964.116,0,-56,0,910.250,32.50,0
0xf902f920,1634085964.172,0,-56,0,910.250,32.50,0
0xf902f920,1634085964.224,0,-57,0,915.250,32.50,0
0xf902f920,1634085964.278,0,-57,0,915.250,32.50,0
0xf902f920,1634085964.331,0,-57,0,915.250,32.50,0
0xf902f920,1634085964.384,0,-57,0,915.250,32.50,0
0xf902f920,1634085964.441,0,-55,0,904.250,32.50,0
0xf902f920,1634085964.494,0,-55,0,904.250,32.50,0
0xf902f920,1634085964.547,0,-55,0,904.250,32.50,0
0xf902f920,1634085964.601,0,-55,0,904.250,32.50,0
0xf902f920,1634085964.657,0,-57,0,918.750,32.50,0
0xf902f920,1634085964.710,0,-57,0,918.750,32.50,0
0xf902f920,1634085964.764,0,-57,0,918.750,32.50,0
0xf902f920,1634085964.817,0,-57,0,918.750,32.50,0
0xf902f920,1634085964.873,0,-56,0,913.250,32.50,0
0xf902f920,1634085964.928,0,-56,0,913.250,32.50,0
0xf902f920,1634085964.981,0,-56,0,913.250,32.50,0
0xf902f920,1634085965.034,0,-56,0,913.250,32.50,0
0xf902f920,1634085965.089,0,-55,0,905.250,32.50,0
0xf902f920,1634085965.141,0,-55,0,905.250,32.50,0
0xf902f920,1634085965.194,0,-55,0,905.250,32.50,0
0xf902f920,1634085965.247,0,-55,0,905.250,32.50,0
0xf902f920,1634085965.303,0,-56,0,922.250,32.50,0
0xf902f920,1634085965.356,0,-56,0,922.250,32.50,0
0xf902f920,1634085965.409,0,-57,0,922.250,32.50,0
0xf902f920,1634085965.462,0,-56,0,922.250,32.50,0
0xf902f920,1634085965.515,0,-56,0,919.750,32.50,0
0xf902f920,1634085965.571,0,-57,0,919.750,32.50,0
0xf902f920,1634085965.624,0,-57,0,919.750,32.50,0
0xf902f920,1634085965.677,0,-57,0,919.750,32.50,0
0xf902f920,1634085965.736,0,-56,0,907.750,32.50,0
0xf902f920,1634085965.794,0,-56,0,907.750,32.50,0
0xf902f920,1634085965.859,0,-56,0,907.750,32.50,0
0xf902f920,1634085965.944,0,-56,0,912.250,32.50,0
0xf902f920,1634085966.004,0,-57,0,912.250,32.50,0
0xf902f920,1634085966.064,0,-57,0,912.250,32.50,0
0xf902f920,1634085966.129,0,-57,0,926.250,32.50,0
0xf902f920,1634085966.186,0,-57,0,926.250,32.50,0
0xf902f920,1634085966.244,0,-57,0,926.250,32.50,0
0xf902f920,1634085966.300,0,-57,0,926.250,32.50,0
0xf902f920,1634085966.319,0,-57,0,921.250,32.50,0
0xf902f920,1634085966.375,0,-57,0,921.250,32.50,0
0xf902f920,1634085966.429,0,-57,0,921.250,32.50,0
0xf902f920,1634085966.482,0,-57,0,921.250,32.50,0
0xf902f920,1634085966.542,0,-56,0,907.250,32.50,0
0xf902f920,1634085966.597,0,-56,0,907.250,32.50,0
0xf902f920,1634085966.657,0,-56,0,907.250,32.50,0
0xf902f920,1634085966.708,0,-55,0,907.250,32.50,0
0xf902f920,1634085966.740,0,-57,0,917.750,32.50,0
0xf902f920,1634085966.792,0,-57,0,917.750,32.50,0
0xf902f920,1634085966.845,0,-57,0,917.750,32.50,0
0xf902f920,1634085966.899,0,-57,0,917.750,32.50,0
0xf902f920,1634085966.952,0,-57,0,916.750,32.50,0
0xf902f920,1634085967.007,0,-57,0,916.750,32.50,0
0xf902f920,1634085967.061,0,-56,0,916.750,32.50,0
0xf902f920,1634085967.114,0,-56,0,916.750,32.50,0
0xf902f920,1634085967.167,0,-57,0,922.750,32.50,0
0xf902f920,1634085967.220,0,-56,0,922.750,32.50,0
0xf902f920,1634085967.273,0,-56,0,922.750,32.50,0
0xf902f920,1634085967.326,0,-56,0,922.750,32.50,0
0xf902f920,1634085967.379,0,-55,0,903.750,32.50,0
0xf902f920,1634085967.434,0,-55,0,903.750,32.50,0
0xf902f920,1634085967.488,0,-55,0,903.750,32.50,0
0xf902f920,1634085967.543,0,-56,0,903.750,32.50,0
0xf902f920,1634085967.596,0,-57,0,916.250,32.50,0
0xf902f920,1634085967.649,0,-57,0,916.250,32.50,0
0xf902f920,1634085967.702,0,-57,0,916.250,32.50,0
0xf902f920,1634085967.756,0,-57,0,916.250,32.50,0
0xf902f920,1634085967.810,0,-56,0,919.250,32.50,0
0xf902f920,1634085967.863,0,-56,0,919.250,32.50,0
0xf902f920,1634085967.917,0,-56,0,919.250,32.50,0
0xf902f920,1634085967.969,0,-56,0,919.250,32.50,0
0xf902f920,1634085968.023,0,-56,0,923.250,32.50,0
0xf902f920,1634085968.078,0,-56,0,923.250,32.50,0
0xf902f920,1634085968.131,0,-56,0,923.250,32.50,0
0xf902f920,1634085968.184,0,-56,0,923.250,32.50,0
0xf902f920,1634085968.237,0,-57,0,913.750,32.50,0
0xf902f920,1634085968.294,0,-57,0,913.750,32.50,0
0xf902f920,1634085968.349,0,-57,0,913.750,32.50,0
0xf902f920,1634085968.402,0,-57,0,913.750,32.50,0
0xf902f920,1634085968.456,0,-57,0,924.250,32.50,0
0xf902f920,1634085968.509,0,-57,0,924.250,32.50,0
0xf902f920,1634085968.564,0,-57,0,924.250,32.50,0
0xf902f920,1634085968.618,0,-57,0,924.250,32.50,0
0xf902f920,1634085968.671,0,-57,0,925.250,32.50,0
0xf902f920,1634085968.725,0,-57,0,925.250,32.50,0
0xf902f920,1634085968.778,0,-57,0,925.250,32.50,0
0xf902f920,1634085968.831,0,-57,0,925.250,32.50,0
0xf902f920,1634085968.887,0,-55,0,902.750,32.50,0
0xf902f920,1634085968.943,0,-55,0,902.750,32.50,0
0xf902f920,1634085969.000,0,-55,0,902.750,32.50,0
0xf902f920,1634085969.052,0,-55,0,902.750,32.50,0
0xf902f920,1634085969.073,0,-56,0,910.750,32.50,0
0xf902f920,1634085969.128,0,-56,0,910.750,32.50,0
0xf902f920,1634085969.186,0,-56,0,910.750,32.50,0
0xf902f920,1634085969.240,0,-56,0,910.750,32.50,0
0xf902f920,1634085969.293,0,-56,0,918.250,32.50,0
0xf902f920,1634085969.347,0,-56,0,918.250,32.50,0
0xf902f920,1634085969.399,0,-56,0,918.250,32.50,0
0xf902f920,1634085969.453,0,-56,0,918.250,32.50,0
0xf902f920,1634085969.510,0,-56,0,908.750,32.50,0
0xf902f920,1634085969.567,0,-56,0,908.750,32.50,0
0xf902f920,1634085969.624,0,-56,0,908.750,32.50,0
0xf902f920,1634085969.675,0,-56,0,908.750,32.50,0
0xf902f920,1634085969.701,0,-56,0,923.750,32.50,0
0xf902f920,1634085969.754,0,-56,0,923.750,32.50,0
0xf902f920,1634085969.811,0,-56,0,923.750,32.50,0
0xf902f920,1634085969.867,0,-56,0,923.750,32.50,0
0xf902f920,1634085969.921,0,-56,0,911.250,32.50,0
0xf902f920,1634085969.975,0,-56,0,911.250,32.50,0
0xf902f920,1634085970.029,0,-56,0,911.250,32.50,0
0xf902f920,1634085970.084,0,-56,0,911.250,32.50,0
0xf902f920,1634085970.138,0,-57,0,925.750,32.50,0
0xf902f920,1634085970.192,0,-57,0,925.750,32.50,0
0xf902f920,1634085970.245,0,-57,0,925.750,32.50,0
0xf902f920,1634085970.298,0,-57,0,925.750,32.50,0
0xf902f920,1634085970.357,0,-55,0,906.750,32.50,0
0xf902f920,1634085970.416,0,-55,0,906.750,32.50,0
0xf902f920,1634085970.472,0,-55,0,906.750,32.50,0
0xf902f920,1634085970.522,0,-55,0,906.750,32.50,0
0xf902f920,1634085970.543,0,-56,0,926.750,32.50,0
0xf902f920,1634085970.596,0,-56,0,926.750,32.50,0
0xf902f920,1634085970.649,0,-56,0,926.750,32.50,0
0xf902f920,1634085970.703,0,-56,0,926.750,32.50,0
0xf902f920,1634085970.757,0,-56,0,920.750,32.50,0
0xf902f920,1634085970.811,0,-56,0,920.750,32.50,0
0xf902f920,1634085970.867,0,-56,0,920.750,32.50,0
0xf902f920,1634085970.919,0,-56,0,920.750,32.50,0
0xf902f920,1634085970.972,0,-56,0,914.250,32.50,0
0xf902f920,1634085971.025,0,-56,0,914.250,32.50,0
0xf902f920,1634085971.079,0,-56,0,914.250,32.50,0
0xf902f920,1634085971.135,0,-56,0,914.250,32.50,0
0xf902f920,1634085971.188,0,-56,0,911.750,32.50,0
0xf902f920,1634085971.242,0,-56,0,911.750,32.50,0
0xf902f920,1634085971.295,0,-56,0,911.750,32.50,0
0xf902f920,1634085971.349,0,-56,0,911.750,32.50,0
0xf902f920,1634085971.406,0,-55,0,904.750,32.50,0
0xf902f920,1634085971.463,0,-55,0,904.750,32.50,0
0xf902f920,1634085971.520,0,-55,0,904.750,32.50,0
0xf902f920,1634085971.574,0,-55,0,904.750,32.50,0
0xf902f920,1634085971.588,0,-56,0,914.750,32.50,0
0xf902f920,1634085971.641,0,-57,0,914.750,32.50,0
0xf902f920,1634085971.694,0,-57,0,914.750,32.50,0
0xf902f920,1634085971.747,0,-57,0,914.750,32.50,0
0xf902f920,1634085971.811,0,-56,0,908.250,32.50,0
0xf902f920,1634085971.867,0,-56,0,908.250,32.50,0
0xf902f920,1634085971.925,0,-56,0,908.250,32.50,0
0xf902f920,1634085971.978,0,-56,0,908.250,32.50,0
0xf902f920,1634085971.999,0,-56,0,909.750,32.50,0
0xf902f920,1634085972.056,0,-56,0,909.750,32.50,0
0xf902f920,1634085972.113,0,-56,0,909.750,32.50,0
0xf902f920,1634085972.170,0,-56,0,909.750,32.50,0
0xf902f920,1634085972.222,0,-57,0,915.750,32.50,0
0xf902f920,1634085972.276,0,-57,0,915.750,32.50,0
0xf902f920,1634085972.329,0,-57,0,915.750,32.50,0
0xf902f920,1634085972.382,0,-57,0,915.750,32.50,0
0xf902f920,1634085972.436,0,-56,0,912.750,32.50,0
0xf902f920,1634085972.492,0,-56,0,912.750,32.50,0
0xf902f920,1634085972.546,0,-57,0,912.750,32.50,0
0xf902f920,1634085972.601,0,-56,0,912.750,32.50,0
0xf902f920,1634085972.658,0,-56,0,909.250,32.50,0
0xf902f920,1634085972.713,0,-56,0,909.250,32.50,0
0xf902f920,1634085972.770,0,-56,0,909.250,32.50,0
0xf902f920,1634085972.827,0,-56,0,909.250,32.50,0
0xf902f920,1634085972.846,0,-55,0,903.250,32.50,0
0xf902f920,1634085972.902,0,-55,0,903.250,32.50,0
0xf902f920,1634085972.958,0,-55,0,903.250,32.50,0
0xf902f920,1634085973.014,0,-55,0,903.250,32.50,0
0xf902f920,1634085973.069,0,-56,0,917.250,32.50,0
0xf902f920,1634085973.122,0,-56,0,917.250,32.50,0
0xf902f920,1634085973.176,0,-57,0,917.250,32.50,0
0xf902f920,1634085973.229,0,-56,0,917.250,32.50,0
0xf902f920,1634085973.282,0,-56,0,920.250,32.50,0
0xf902f920,1634085973.334,0,-56,0,920.250,32.50,0
0xf902f920,1634085973.387,0,-56,0,920.250,32.50,0
0xf902f920,1634085973.440,0,-56,0,920.250,32.50,0
0xf902f920,1634085973.494,0,-56,0,921.750,32.50,0
0xf902f920,1634085973.550,0,-56,0,921.750,32.50,0
0xf902f920,1634085973.602,0,-56,0,921.750,32.50,0
0xf902f920,1634085973.656,0,-56,0,921.750,32.50,0
0xf902f920,1634085973.712,0,-55,0,905.750,32.50,0
0xf902f920,1634085973.767,0,-55,0,905.750,32.50,0
0xf902f920,1634085973.820,0,-55,0,905.750,32.50,0
0xf902f920,1634085973.874,0,-55,0,905.750,32.50,0
0xf902f920,1634085973.927,0,-57,0,927.250,32.50,0
0xf902f920,1634085973.983,0,-57,0,927.250,32.50,0
0xf902f920,1634085974.036,0,-57,0,927.250,32.50,0
0xf902f920,1634085974.090,0,-57,0,927.250,32.50,0
0xf902f920,1634085974.143,0,-57,0,924.750,32.50,0
0xf902f920,1634085974.198,0,-57,0,924.750,32.50,0
0xf902f920,1634085974.251,0,-57,0,924.750,32.50,0
0xf902f920,1634085974.305,0,-57,0,924.750,32.50,0
0xf902f920,1634085974.360,0,-55,0,906.250,32.50,0
0xf902f920,1634085974.414,0,-55,0,906.250,32.50,0
0xf902f920,1634085974.467,0,-55,0,906.250,32.50,0
0xf902f920,1634085974.521,0,-55,0,906.250,32.50,0
0xf902f920,1634085974.574,0,-56,0,910.250,32.50,0
0xf902f920,1634085974.628,0,-56,0,910.250,32.50,0
0xf902f920,1634085974.682,0,-56,0,910.250,32.50,0
0xf902f920,1634085974.737,0,-56,0,910.250,32.50,0
0xf902f920,1634085974.789,0,-56,0,915.250,32.50,0
0xf902f920,1634085974.842,0,-56,0,915.250,32.50,0
0xf902f920,1634085974.896,0,-56,0,915.250,32.50,0
0xf902f920,1634085974.949,0,-56,0,915.250,32.50,0
0xf902f920,1634085975.007,0,-55,0,904.250,32.50,0
0xf902f920,1634085975.063,0,-55,0,904.250,32.50,0
0xf902f920,1634085975.122,0,-55,0,904.250,32.50,0
0xf902f920,1634085975.171,0,-55,0,904.250,32.50,0
0xf902f920,1634085975.189,0,-56,0,918.750,32.50,0
0xf902f920,1634085975.242,0,-56,0,918.750,32.50,0
0xf902f920,1634085975.295,0,-56,0,918.750,32.50,0
0xf902f920,1634085975.348,0,-56,0,918.750,32.50,0
0xf902f920,1634085975.402,0,-56,0,913.250,32.50,0
0xf902f920,1634085975.455,0,-56,0,913.250,32.50,0
0xf902f920,1634085975.509,0,-56,0,913.250,32.50,0
0xf902f920,1634085975.562,0,-56,0,913.250,32.50,0
0xf902f920,1634085975.619,0,-55,0,905.250,32.50,0
0xf902f920,1634085975.676,0,-55,0,905.250,32.50,0
0xf902f920,1634085975.733,0,-55,0,905.250,32.50,0
0xf902f920,1634085975.786,0,-55,0,905.250,32.50,0
0xf902f920,1634085975.801,0,-56,0,922.250,32.50,0
0xf902f920,1634085975.854,0,-56,0,922.250,32.50,0
0xf902f920,1634085975.907,0,-56,0,922.250,32.50,0
0xf902f920,1634085975.960,0,-56,0,922.250,32.50,0
0xf902f920,1634085976.019,0,-56,0,919.750,32.50,0
0xf902f920,1634085976.072,0,-56,0,919.750,32.50,0
0xf902f920,1634085976.125,0,-56,0,919.750,32.50,0
0xf902f920,1634085976.180,0,-56,0,919.750,32.50,0
0xf902f920,1634085976.233,0,-56,0,907.750,32.50,0
0xf902f920,1634085976.286,0,-56,0,907.750,32.50,0
0xf902f920,1634085976.339,0,-56,0,907.750,32.50,0
0xf902f920,1634085976.392,0,-56,0,907.750,32.50,0
0xf902f920,1634085976.446,0,-56,0,912.250,32.50,0
0xf902f920,1634085976.500,0,-56,0,912.250,32.50,0
0xf902f920,1634085976.553,0,-56,0,912.250,32.50,0
0xf902f920,1634085976.606,0,-56,0,912.250,32.50,0
0xf902f920,1634085976.661,0,-57,0,926.250,32.50,0
0xf902f920,1634085976.714,0,-57,0,926.250,32.50,0
0xf902f920,1634085976.767,0,-57,0,926.250,32.50,0
0xf902f920,1634085976.820,0,-57,0,926.250,32.50,0
0xf902f920,1634085976.873,0,-56,0,921.250,32.50,0
0xf902f920,1634085976.926,0,-56,0,921.250,32.50,0
0xf902f920,1634085976.978,0,-56,0,921.250,32.50,0
0xf902f920,1634085977.031,0,-56,0,921.250,32.50,0
0xf902f920,1634085977.085,0,-55,0,907.250,32.50,0
0xf902f920,1634085977.140,0,-55,0,907.250,32.50,0
0xf902f920,1634085977.193,0,-55,0,907.250,32.50,0
0xf902f920,1634085977.246,0,-55,0,907.250,32.50,0
0xf902f920,1634085977.299,0,-56,0,917.750,32.50,0
0xf902f920,1634085977.354,0,-56,0,917.750,32.50,0
0xf902f920,1634085977.408,0,-56,0,917.750,32.50,0
0xf902f920,1634085977.461,0,-56,0,917.750,32.50,0
0xf902f920,1634085977.514,0,-56,0,916.750,32.50,0
0xf902f920,1634085977.567,0,-56,0,916.750,32.50,0
0xf902f920,1634085977.619,0,-56,0,916.750,32.50,0
0xf902f920,1634085977.672,0,-56,0,916.750,32.50,0
0xf902f920,1634085977.726,0,-56,0,922.750,32.50,0
0xf902f920,1634085977.779,0,-56,0,922.750,32.50,0
0xf902f920,1634085977.832,0,-56,0,922.750,32.50,0
0xf902f920,1634085977.885,0,-56,0,922.750,32.50,0
0xf902f920,1634085977.942,0,-55,0,903.750,32.50,0
0xf902f920,1634085977.999,0,-55,0,903.750,32.50,0
0x3035ebb5640d8a810092065f,1634085925.282,0,-68,0,903.750,32.50,0
0x3035ebb5640d8a810092065f,1634085925.339,0,-68,0,903.750,32.50,0
0x3035ebb5640d8a810092065f,1634085926.633,0,-68,0,902.750,32.50,0
0x3035ebb5640d8a810092065f,1634085926.691,0,-68,0,902.750,32.50,0
0x3035ebb5640d8a810092065f,1634085926.748,0,-68,0,902.750,32.50,0
0x3035ebb5640d8a810092065f,1634085926.803,0,-68,0,902.750,32.50,0
0x3035ebb5640d8a810092065f,1634085929.177,0,-68,0,904.750,32.50,0
0x3035ebb5640d8a810092065f,1634085929.234,0,-68,0,904.750,32.50,0
0x3035ebb5640d8a810092065f,1634085929.290,0,-68,0,904.750,32.50,0
0x3035ebb5640d8a810092065f,1634085930.701,0,-68,0,903.250,32.50,0
0x3035ebb5640d8a810092065f,1634085932.783,0,-68,0,904.250,32.50,0
0x3035ebb5640d8a810092065f,1634085932.839,0,-68,0,904.250,32.50,0
0x3035ebb5640d8a810092065f,1634085932.895,0,-68,0,904.250,32.50,0
0x3035ebb5640d8a810092065f,1634085935.083,0,-68,0,907.250,32.50,0
0x3035ebb5640d8a810092065f,1634085935.782,0,-68,0,903.750,32.50,0
0x3035ebb5640d8a810092065f,1634085935.839,0,-67,0,903.750,32.50,0
0x3035ebb5640d8a810092065f,1634085935.898,0,-68,0,903.750,32.50,0
0x3035ebb5640d8a810092065f,1634085935.951,0,-68,0,903.750,32.50,0
0x3035ebb5640d8a810092065f,1634085937.260,0,-68,0,902.750,32.50,0
0x3035ebb5640d8a810092065f,1634085937.425,0,-68,0,902.750,32.50,0
0x3035ebb5640d8a810092065f,1634085941.304,0,-68,0,903.250,32.50,0
0x3035ebb5640d8a810092065f,1634085941.360,0,-68,0,903.250,32.50,0
0x3035ebb5640d8a810092065f,1634085941.418,0,-68,0,903.250,32.50,0
0x3035ebb5640d8a810092065f,1634085941.472,0,-68,0,903.250,32.50,0
0x3035ebb5640d8a810092065f,1634085944.697,0,-68,0,907.750,32.50,0
0x3035ebb5640d8a810092065f,1634085944.753,0,-68,0,907.750,32.50,0
0x3035ebb5640d8a810092065f,1634085946.378,0,-68,0,903.750,32.50,0
0x3035ebb5640d8a810092065f,1634085946.435,0,-68,0,903.750,32.50,0
0x3035ebb5640d8a810092065f,1634085946.492,0,-68,0,903.750,32.50,0
0x3035ebb5640d8a810092065f,1634085946.547,0,-68,0,903.750,32.50,0
0x3035ebb5640d8a810092065f,1634085947.850,0,-67,0,902.750,32.50,0
0x3035ebb5640d8a810092065f,1634085947.908,0,-68,0,902.750,32.50,0
0x3035ebb5640d8a810092065f,1634085948.507,0,-67,0,908.750,32.50,0
0x3035ebb5640d8a810092065f,1634085948.563,0,-68,0,908.750,32.50,0
0x3035ebb5640d8a810092065f,1634085948.622,0,-67,0,908.750,32.50,0
0x3035ebb5640d8a810092065f,1634085948.674,0,-68,0,908.750,32.50,0
0x3035ebb5640d8a810092065f,1634085950.407,0,-68,0,904.750,32.50,0
0x3035ebb5640d8a810092065f,1634085950.464,0,-68,0,904.750,32.50,0
0x3035ebb5640d8a810092065f,1634085950.525,0,-68,0,904.750,32.50,0
0x3035ebb5640d8a810092065f,1634085951.607,0,-68,0,912.750,32.50,0
0x3035ebb5640d8a810092065f,1634085951.664,0,-69,0,909.250,32.50,0
0x3035ebb5640d8a810092065f,1634085951.881,0,-67,0,903.250,32.50,0
0x3035ebb5640d8a810092065f,1634085951.939,0,-67,0,903.250,32.50,0
0x3035ebb5640d8a810092065f,1634085951.995,0,-67,0,903.250,32.50,0
0x3035ebb5640d8a810092065f,1634085952.050,0,-67,0,903.250,32.50,0
0x3035ebb5640d8a810092065f,1634085952.714,0,-67,0,905.750,32.50,0
0x3035ebb5640d8a810092065f,1634085952.773,0,-68,0,905.750,32.50,0
0x3035ebb5640d8a810092065f,1634085952.832,0,-68,0,905.750,32.50,0
0x3035ebb5640d8a810092065f,1634085952.881,0,-68,0,905.750,32.50,0
0x3035ebb5640d8a810092065f,1634085953.342,0,-68,0,906.250,32.50,0
0x3035ebb5640d8a810092065f,1634085953.400,0,-68,0,906.250,32.50,0
0x3035ebb5640d8a810092065f,1634085954.111,0,-66,0,904.250,32.50,0
0x3035ebb5640d8a810092065f,1634085954.333,0,-67,0,918.750,32.50,0
0x3035ebb5640d8a810092065f,1634085954.358,0,-65,0,913.250,32.50,0
0x3035ebb5640d8a810092065f,1634085954.419,0,-63,0,913.250,32.50,0
0x3035ebb5640d8a810092065f,1634085954.478,0,-64,0,913.250,32.50,0
0x3035ebb5640d8a810092065f,1634085954.532,0,-64,0,913.250,32.50,0
0x3035ebb5640d8a810092065f,1634085954.556,0,-62,0,905.250,32.50,0
0x3035ebb5640d8a810092065f,1634085954.615,0,-63,0,905.250,32.50,0
0x3035ebb5640d8a810092065f,1634085954.671,0,-63,0,905.250,32.50,0
0x3035ebb5640d8a810092065f,1634085954.729,0,-64,0,905.250,32.50,0
0x3035ebb5640d8a810092065f,1634085954.792,0,-68,0,922.250,32.50,0
0x3035ebb5640d8a810092065f,1634085955.655,0,-69,0,926.250,32.50,0
0x3035ebb5640d8a810092065f,1634085955.712,0,-69,0,926.250,32.50,0
0x3035ebb5640d8a810092065f,1634085955.768,0,-69,0,926.250,32.50,0
0x3035ebb5640d8a810092065f,1634085957.020,0,-68,0,903.750,32.50,0
0x3035ebb5640d8a810092065f,1634085960.053,0,-69,0,926.750,32.50,0
0x3035ebb5640d8a810092065f,1634085960.112,0,-70,0,926.750,32.50,0
0x3035ebb5640d8a810092065f,1634085960.173,0,-69,0,926.750,32.50,0
0x3035ebb5640d8a810092065f,1634085960.216,0,-69,0,926.750,32.50,0
0x3035ebb5640d8a810092065f,1634085965.736,0,-67,0,907.750,32.50,0
0x3035ebb5640d8a810092065f,1634085965.794,0,-67,0,907.750,32.50,0
0x3035ebb5640d8a810092065f,1634085965.859,0,-66,0,907.750,32.50,0
0x3035ebb5640d8a810092065f,1634085965.899,0,-65,0,907.750,32.50,0
0x3035ebb5640d8a810092065f,1634085965.944,0,-66,0,912.250,32.50,0
0x3035ebb5640d8a810092065f,1634085966.004,0,-65,0,912.250,32.50,0
0x3035ebb5640d8a810092065f,1634085966.065,0,-66,0,912.250,32.50,0
0x3035ebb5640d8a810092065f,1634085966.129,0,-68,0,926.250,32.50,0
0x3035ebb5640d8a810092065f,1634085966.186,0,-68,0,926.250,32.50,0
0x3035ebb5640d8a810092065f,1634085966.244,0,-68,0,926.250,32.50,0
0x3035ebb5640d8a810092065f,1634085966.300,0,-68,0,926.250,32.50,0
0x3035ebb5640d8a810092065f,1634085966.319,0,-69,0,921.250,32.50,0
0x3035ebb5640d8a810092065f,1634085966.375,0,-68,0,921.250,32.50,0
0x3035ebb5640d8a810092065f,1634085968.888,0,-67,0,902.750,32.50,0
0x3035ebb5640d8a810092065f,1634085968.943,0,-67,0,902.750,32.50,0
0x3035ebb5640d8a810092065f,1634085969.000,0,-67,0,902.750,32.50,0
0x3035ebb5640d8a810092065f,1634085969.052,0,-67,0,902.750,32.50,0
0x3035ebb5640d8a810092065f,1634085969.073,0,-68,0,910.750,32.50,0
0x3035ebb5640d8a810092065f,1634085969.510,0,-67,0,908.750,32.50,0
0x3035ebb5640d8a810092065f,1634085969.567,0,-68,0,908.750,32.50,0
0x3035ebb5640d8a810092065f,1634085969.624,0,-68,0,908.750,32.50,0
0x3035ebb5640d8a810092065f,1634085969.675,0,-68,0,908.750,32.50,0
0x3035ebb5640d8a810092065f,1634085970.357,0,-67,0,906.750,32.50,0
0x3035ebb5640d8a810092065f,1634085970.415,0,-67,0,906.750,32.50,0
0x3035ebb5640d8a810092065f,1634085970.472,0,-67,0,906.750,32.50,0
0x3035ebb5640d8a810092065f,1634085970.522,0,-67,0,906.750,32.50,0
0x3035ebb5640d8a810092065f,1634085971.406,0,-66,0,904.750,32.50,0
0x3035ebb5640d8a810092065f,1634085971.463,0,-66,0,904.750,32.50,0
0x3035ebb5640d8a810092065f,1634085971.519,0,-66,0,904.750,32.50,0
0x3035ebb5640d8a810092065f,1634085971.574,0,-66,0,904.750,32.50,0
0x3035ebb5640d8a810092065f,1634085971.810,0,-67,0,908.250,32.50,0
0x3035ebb5640d8a810092065f,1634085971.867,0,-67,0,908.250,32.50,0
0x3035ebb5640d8a810092065f,1634085971.925,0,-67,0,908.250,32.50,0
0x3035ebb5640d8a810092065f,1634085971.978,0,-67,0,908.250,32.50,0
0x3035ebb5640d8a810092065f,1634085971.999,0,-67,0,909.750,32.50,0
0x3035ebb5640d8a810092065f,1634085972.056,0,-67,0,909.750,32.50,0
0x3035ebb5640d8a810092065f,1634085972.113,0,-67,0,909.750,32.50,0
0x3035ebb5640d8a810092065f,1634085972.170,0,-68,0,909.750,32.50,0
0x3035ebb5640d8a810092065f,1634085972.658,0,-67,0,909.250,32.50,0
0x3035ebb5640d8a810092065f,1634085972.713,0,-67,0,909.250,32.50,0
0x3035ebb5640d8a810092065f,1634085972.770,0,-67,0,909.250,32.50,0
0x3035ebb5640d8a810092065f,1634085972.827,0,-67,0,909.250,32.50,0
0x3035ebb5640d8a810092065f,1634085972.846,0,-66,0,903.250,32.50,0
0x3035ebb5640d8a810092065f,1634085972.902,0,-66,0,903.250,32.50,0
0x3035ebb5640d8a810092065f,1634085972.958,0,-66,0,903.250,32.50,0
0x3035ebb5640d8a810092065f,1634085973.014,0,-66,0,903.250,32.50,0
0x3035ebb5640d8a810092065f,1634085973.712,0,-68,0,905.750,32.50,0
0x3035ebb5640d8a810092065f,1634085975.007,0,-68,0,904.250,32.50,0
0x3035ebb5640d8a810092065f,1634085975.063,0,-68,0,904.250,32.50,0
0x3035ebb5640d8a810092065f,1634085975.122,0,-68,0,904.250,32.50,0
0x3035ebb5640d8a810092065f,1634085975.171,0,-68,0,904.250,32.50,0
0x3035ebb5640d8a810092065f,1634085975.619,0,-68,0,905.250,32.50,0
0x3035ebb5640d8a810092065f,1634085975.676,0,-68,0,905.250,32.50,0
0x3035ebb5640d8a810092065f,1634085975.733,0,-68,0,905.250,32.50,0
0x3035ebb5640d8a810092065f,1634085977.942,0,-68,0,903.750,32.50,0
0x3035ebb5640d8a810092065f,1634085977.999,0,-68,0,903.750,32.50,0
0xc800,1634085954.275,0,-73,0,918.750,32.50,0
0xc800,1634085954.333,0,-73,0,918.750,32.50,0
0xc800,1634085954.358,0,-72,0,913.250,32.50,0
0xc800,1634085954.419,0,-72,0,913.250,32.50,0
0xc800,1634085954.478,0,-71,0,913.250,32.50,0
0xc800,1634085954.532,0,-72,0,913.250,32.50,0
0xc500,1634085965.859,0,-71,0,907.750,32.50,0
0xc500,1634085965.944,0,-71,0,912.250,32.50,0
0xc500,1634085966.004,0,-71,0,912.250,32.50,0
0xf209,1634085965.944,0,-66,0,912.250,32.50,0
0xf209,1634085966.739,0,-65,0,917.750,32.50,0
